414.33739 438.48994 457.76370 470.00764 477.46831 477.57542 477.51101 476.11132 474.42425 472.83803 471.91209 470.56522 470.80396 462.85240 447.86470
408.33208 434.13799 456.09705 471.57815 481.58945 485.52917 488.14088 488.47266 486.87340 485.80202 484.72843 481.84281 476.20233 463.43737 444.35484
402.19452 427.68768 450.87734 466.11471 475.81946 481.48203 485.64046 486.50055 485.73617 484.28409 482.00722 478.03856 470.79127 456.30130 436.23760
395.41994 421.74512 444.77363 459.78889 469.77802 476.16724 481.13576 483.21493 482.51445 480.36072 477.33865 472.39510 464.38096 449.33353 428.61539
389.80255 415.91403 439.29808 452.97037 462.92697 469.84232 475.49105 478.14816 477.72369 475.71455 471.48497 466.65373 457.88395 442.19469 421.06866
382.50758 409.97065 432.10273 446.29591 455.68947 463.15197 468.84910 471.95167 471.97285 469.77034 465.37187 460.80775 450.80723 434.67826 413.76110
376.73960 403.86503 424.88055 438.86348 448.34339 456.71654 462.58304 465.63887 465.61476 463.68293 459.02986 454.13969 443.81128 427.40590 405.70928
370.87658 397.23636 417.54039 430.77412 440.84460 449.46373 455.62495 459.20322 459.93491 457.33510 451.73476 447.13227 436.37168 419.35554 396.96406
365.29309 390.23568 410.51488 422.82256 433.36512 442.04911 448.75692 451.86474 452.39573 450.53262 444.70641 439.36700 428.97615 411.25262 389.33838
359.65811 383.14895 402.18574 414.94461 425.37946 434.95477 441.39435 444.58277 445.31647 443.01944 436.95282 431.61904 421.20087 403.42319 382.78393
354.02555 376.42320 394.36228 406.98440 417.35209 427.03959 433.39693 436.80869 437.95156 435.73326 429.42937 423.35807 413.63461 396.36878 375.79121
346.84853 368.95428 386.40707 398.16223 408.61478 418.95296 425.76136 428.83177 430.28922 427.60286 421.69559 414.64175 405.21980 388.86681 368.64051
339.89813 361.06667 378.05517 388.91253 400.75510 411.28333 418.03445 420.62746 421.73589 420.06933 413.74415 405.95104 397.18496 381.17076 360.26650
331.93828 352.76825 369.64251 380.97417 392.25099 403.04729 409.92469 412.38900 413.91018 411.50867 404.94796 397.16026 388.05287 372.98922 352.87423
324.63273 344.93809 361.07724 371.95164 384.93636 395.17387 401.27575 404.04031 404.26353 403.52045 396.21608 388.44892 379.46739 365.17306 345.47337
316.56333 336.43908 352.01428 362.94838 375.60965 385.99978 392.24812 394.88170 396.63358 394.63092 388.08627 379.42916 370.53905 356.37806 336.98077
308.06119 327.39958 342.05322 353.97918 368.01297 377.97125 383.75465 386.41792 387.37728 385.45050 378.86165 369.90930 361.14392 347.63261 328.43793
299.77961 319.11259 332.95707 345.23166 359.05267 369.12231 375.11008 377.68555 378.01853 376.68401 370.45915 360.61878 351.90228 338.66831 320.20097
290.60606 309.51351 323.14009 335.68410 349.99115 359.54831 364.93506 368.48578 369.49935 367.43035 361.87239 351.57371 342.39344 329.56718 311.15723
281.47782 300.27110 313.30453 326.43979 340.16977 350.13765 355.73237 358.68399 359.58421 357.91795 352.12457 342.01630 332.29991 320.07169 301.89822
272.35928 290.01268 302.88057 316.66451 330.92953 340.65931 345.64094 348.89017 350.27162 347.99656 342.89376 332.99168 322.50592 310.51802 293.12551
262.72350 279.84839 292.64491 307.16678 321.17383 330.43093 335.11480 338.30671 339.36311 337.96201 332.97370 322.97960 311.60625 300.87147 283.99944
252.55731 268.97339 282.08166 296.73040 310.34626 318.92347 322.95347 327.54188 327.58152 327.89619 322.37662 313.16049 302.12881 290.11708 274.09166
241.94343 257.82839 270.69247 285.52472 298.40867 307.39909 311.36734 316.62561 316.61660 316.49181 311.46068 302.02472 290.95430 279.14250 263.43043
447.51635 459.91656 467.02469 468.47780 471.06104 465.60630 463.17808 461.04351 458.89608 456.32041 453.92080 454.04095 463.35760 465.75817 465.20902
445.03102 462.30929 473.17007 477.75624 481.97770 479.52241 476.33707 472.00582 468.68809 466.58043 465.70599 468.50747 474.74149 472.78700 468.84994
439.58957 459.02767 471.28766 478.14269 480.39926 479.72793 479.13789 475.39294 471.34278 469.28321 468.49331 469.24362 472.87834 470.75981 464.39070
433.59679 455.14148 468.06338 476.35713 478.87249 478.87088 479.59066 477.67946 474.37643 472.13376 468.91847 467.09201 469.05474 467.59241 459.58475
428.70267 450.67449 465.34927 473.71977 476.17453 477.21402 477.81885 477.13052 474.12775 471.73219 468.10919 464.85942 466.64536 463.53107 453.93614
422.35781 446.11818 461.32448 470.39632 473.20389 475.64964 475.34136 474.72525 472.61834 470.13662 466.48283 464.00281 464.46353 459.86414 448.34218
416.60394 440.98616 456.91568 466.36127 469.80861 472.77053 474.10778 473.21457 470.73919 468.79065 464.64530 462.67943 461.99075 455.80552 442.04307
411.17634 435.72640 451.69041 461.07529 465.66163 470.65446 471.79589 470.41372 469.18920 467.41332 462.91224 459.66841 458.78954 450.57213 435.09766
406.47342 429.83328 446.45116 456.13300 461.28162 466.77994 468.31086 467.14374 466.15180 464.80544 460.65280 457.37328 454.22611 445.02719 428.52194
400.72042 423.35636 440.49337 450.62811 456.36839 462.68506 464.85391 464.05024 463.66708 462.18491 457.73917 453.48136 449.34293 439.17947 422.56959
394.73927 417.66969 433.49982 444.55504 451.07869 457.13306 459.50384 459.47983 458.53646 457.26990 452.84893 448.30788 443.86456 433.74386 416.30838
387.42421 410.22243 426.66389 437.23118 445.17391 451.78139 454.16031 453.43128 453.66518 452.79361 448.11563 443.45547 438.33926 427.60706 409.33596
380.39473 403.37837 418.69268 429.37733 439.00279 446.31729 448.37511 447.91562 447.65403 447.96454 443.79781 437.51478 432.37839 420.69433 401.39733
371.96160 394.98448 410.77608 421.59882 431.20851 439.44275 440.95473 440.96877 441.37135 442.47178 438.31038 431.32581 424.95132 413.37873 394.12292
364.86903 386.94571 402.73863 413.27938 425.11256 432.00123 434.35218 433.70824 433.88327 435.48817 431.48690 424.29694 417.88402 406.01884 386.35759
356.76583 378.30084 393.93796 404.53652 416.16514 423.86442 426.00978 426.27077 426.96823 427.94028 424.64235 416.86390 410.35328 397.70871 378.16631
348.21269 369.10324 384.45101 396.03003 408.83204 415.29536 417.57423 419.02782 419.66119 419.69277 416.56696 408.83543 401.92538 389.14792 369.84428
339.88269 360.41473 374.81336 387.32629 400.53645 406.97407 410.59902 411.41478 411.32823 411.29091 408.92940 400.87170 393.04786 380.18809 361.33437
330.56130 351.30132 365.39488 378.05525 391.30825 397.67816 401.46947 403.00747 403.08735 402.72846 400.82254 391.83479 383.83641 371.73395 352.36500
321.00451 341.77500 355.33693 368.97507 381.48218 388.60456 391.99218 393.80573 394.08499 393.81921 391.33746 383.51963 374.47889 362.13775 343.12745
312.04203 331.18613 345.09311 359.09322 372.32579 379.54379 382.89887 384.63226 384.92942 384.65766 382.34723 375.05065 364.53434 353.02303 334.18242
302.03731 321.42622 334.64768 350.00844 362.43663 369.72571 372.51867 375.46026 374.80050 375.28602 372.22535 365.87604 354.74205 343.33207 325.05846
292.00448 309.90840 323.73865 339.44263 351.89224 359.29744 360.59663 365.22557 363.27724 366.02346 362.88701 355.98758 345.39409 332.69312 315.15419
281.09508 298.32332 312.60327 328.67402 340.57689 348.51793 349.97867 354.47317 352.97674 355.93851 351.98733 345.58962 334.25011 322.00753 304.62370
467.28931 466.95463 465.23136 464.16506 463.48185 457.07496 456.61056 457.19775 455.87416 453.42529 449.89691 448.11798 456.88130 462.52633 469.57744
468.23719 471.77992 470.06437 470.76623 473.07317 465.53223 461.58803 457.65837 455.52281 453.20167 451.36726 454.10428 464.18576 467.35181 474.43228
464.84802 470.72861 469.82667 472.32711 472.39661 468.77667 465.17722 459.45660 455.70188 453.23740 452.78506 455.96555 463.33072 467.67170 473.51101
461.48142 469.40963 469.08149 473.20058 471.47799 470.77054 468.77322 464.19307 459.21812 457.60249 455.24558 456.05960 460.32204 466.06606 470.90382
458.37645 467.63530 468.04196 472.67915 470.99495 469.95061 469.26402 466.76765 462.53234 461.12754 457.06200 455.25928 458.57111 463.96618 467.82684
454.45491 465.74260 467.86596 471.38335 470.26808 469.82027 466.78677 465.22671 462.75338 461.42292 457.56787 454.32836 458.88290 463.73184 464.83974
450.60825 462.20322 467.47775 471.16560 470.08220 469.17576 466.35065 463.60263 461.26578 460.20425 455.91380 454.41146 458.78140 462.04611 463.06280
446.14593 458.78713 466.20520 469.89346 467.92402 469.20437 465.75492 462.23141 460.25896 459.40846 456.56168 453.80408 459.27093 460.51624 460.12785
442.28652 454.81599 463.18222 467.96558 466.45034 468.05070 463.84474 459.90000 458.74157 458.97299 455.46166 453.25298 457.26933 459.32463 455.91294
437.73570 450.86272 460.48429 465.84553 465.76071 465.94089 463.42710 458.55633 457.30702 457.98263 455.86237 452.51618 455.66135 456.60421 451.43261
433.50067 447.00275 456.97472 462.56573 463.47649 465.16088 460.80746 456.83572 454.57562 456.07711 453.73760 449.63439 452.97745 453.09656 447.25960
427.94950 441.77745 452.98745 458.29503 461.09775 462.60415 459.27092 453.62532 452.35889 453.84757 451.83464 448.33089 450.55854 448.99649 441.96696
422.96057 437.93430 448.68256 453.87977 457.75184 459.11384 455.74776 451.30664 450.09145 452.32123 450.31586 446.21225 446.51633 444.10280 435.97934
416.38267 432.96664 443.02459 448.38579 453.01862 454.67852 449.55575 447.00154 445.18725 450.13840 447.07125 443.08991 442.95736 439.14100 429.76628
410.55954 427.36660 438.00486 442.88805 448.07336 448.81540 445.10814 441.96901 440.56719 444.39275 443.94739 439.18660 438.09024 434.27015 424.66828
404.18783 421.09687 432.14556 436.66901 441.64722 443.02607 438.69687 436.26876 436.43248 439.24735 439.60945 434.46218 433.77412 429.00994 418.91302
396.64900 414.09390 425.58073 431.05873 436.47681 436.88436 433.24022 431.14557 430.05477 433.41057 434.71834 429.58709 428.65867 423.22871 413.07813
389.13885 406.44854 418.00877 425.08379 431.00190 430.14216 427.64333 425.20922 424.98254 426.89643 428.86996 423.01325 423.34798 417.53244 405.91579
380.05499 398.05517 410.08488 417.41459 424.95830 423.30918 420.83007 418.01595 418.24205 420.86148 421.72669 417.09299 417.91785 411.62864 398.33379
370.81891 389.09422 400.29238 410.27312 418.92221 417.08544 413.65104 411.12756 410.83766 413.30270 415.74148 411.80879 410.42060 403.96588 390.31820
362.02707 379.85147 390.85251 401.77621 411.09594 409.80898 406.43617 406.11733 403.42326 406.10537 409.60162 406.65866 402.41814 395.69392 382.04254
352.35047 370.19201 381.19180 393.50597 401.67769 402.51721 398.10925 399.61944 394.73792 400.16250 401.80592 400.24025 394.00180 386.97608 373.13890
341.54611 358.82920 370.65456 384.43794 391.47613 393.77849 387.42302 392.07695 385.16173 393.91709 394.49357 392.14276 384.78353 377.51127 363.42845
331.43277 347.78259 360.20073 373.26470 380.73482 384.16177 378.26046 384.24030 377.45962 386.51009 385.51964 382.92677 375.74822 367.58302 353.14966
481.09946 474.17528 471.33108 472.84073 475.47074 470.00879 468.80131 467.67463 466.08609 464.90475 463.46436 464.05139 469.02766 469.89456 476.24671
482.30492 476.95601 472.02881 472.80446 475.97067 472.56348 470.09498 467.22768 464.98190 464.00862 462.96157 465.38971 468.41025 469.11100 477.87199
480.11532 476.13380 471.97469 473.46220 473.90804 472.84849 471.51300 467.04987 464.53623 463.23891 462.58812 464.35846 465.96566 469.30351 477.98214
478.88391 476.71622 471.17292 474.05248 473.01699 472.93843 472.13894 469.87198 466.58112 465.39000 462.30200 462.28550 462.47582 467.92612 476.95441
477.85262 476.04272 471.01435 473.19032 471.73063 470.82280 471.11114 469.66053 466.73044 465.61119 461.46782 459.43060 460.55789 466.26147 474.57205
477.26749 475.24557 471.09834 473.14938 470.74573 470.03745 468.15809 466.66234 465.04007 464.16161 459.84463 456.34599 459.92055 466.75988 473.77941
477.24920 473.51180 472.50079 473.96522 470.51868 469.55404 468.31614 464.97441 462.68703 461.11119 458.35643 456.65175 459.98054 466.01764 474.73990
475.82110 472.01011 472.53298 474.57660 469.69523 470.28255 467.40883 464.09390 461.70270 460.86742 458.38376 455.42039 461.31032 466.18048 474.70620
475.47549 470.40205 472.16578 473.77114 469.52469 469.61914 466.01423 462.27533 460.41793 460.48668 456.85415 454.65941 459.43850 465.60878 473.72788
473.03787 470.45151 470.81603 472.35108 470.32025 468.44264 465.77413 460.86798 458.66834 460.05479 456.93180 454.09760 458.80791 465.53257 471.17156
470.28171 469.91899 470.42269 470.66449 469.69344 468.06644 462.47123 459.80694 456.99474 458.04819 455.25332 452.99724 458.23269 463.33281 469.58444
467.22341 468.97726 470.35365 469.86845 468.63347 466.70577 462.64071 457.00266 454.21408 456.19737 455.23046 451.64246 456.56893 461.33671 467.39855
462.54754 467.02825 471.49624 468.00812 467.62004 465.51507 459.33692 455.99693 453.51799 455.11785 454.76336 450.42432 453.62556 458.02448 466.45481
457.60190 462.86193 469.44323 467.01689 465.13239 461.35494 455.23076 452.30537 449.71389 453.75961 452.79712 449.61985 452.56149 455.89733 463.00828
453.29672 459.44252 465.67228 466.21512 462.44359 457.52392 451.85071 448.72580 445.93649 447.88563 450.74134 447.23036 449.99383 455.18108 458.52339
448.14016 456.26933 460.93267 461.04680 460.35685 453.44338 448.07552 444.49458 443.23272 444.25652 446.38345 444.49787 449.76591 453.16995 452.93174
442.50831 451.62516 456.15527 457.03605 456.52762 450.00578 443.49603 439.99113 439.23456 440.52455 442.79167 441.29248 450.00760 448.92222 449.08389
435.33300 445.44083 450.92195 450.74129 451.90280 445.94037 439.35060 436.01688 434.82692 435.67030 439.57058 438.60494 445.91290 444.66031 443.08850
427.57842 439.69535 444.10800 445.06521 446.06554 442.00370 435.11621 430.51757 429.73101 431.68488 434.67974 435.44433 439.68084 439.76902 437.69286
420.43776 432.71415 438.27301 439.76813 440.58144 436.59202 433.12111 425.06316 424.15333 427.20394 431.95221 432.17623 434.06899 433.55802 432.04857
412.14533 425.58679 430.54700 433.58623 434.31694 429.28468 425.77348 424.12870 421.51660 421.83025 426.19288 424.63227 426.94290 428.92576 425.24376
403.62894 416.43348 423.15694 427.92982 426.64130 421.18091 417.46937 418.57915 414.56232 417.93881 418.35190 420.15858 420.66943 422.38025 417.40655
393.18306 405.91724 413.29169 421.13912 420.17811 415.06097 406.47319 411.80112 402.94450 410.36986 410.90900 413.07868 413.56876 414.66334 409.22021
384.05553 396.25381 405.01344 411.10938 411.91551 407.61558 399.22785 407.50637 397.81411 404.58290 404.39863 405.23433 407.55934 406.26104 399.89603
492.64917 486.38432 485.14226 487.26880 493.32164 495.15192 498.08861 499.61832 499.06680 497.43102 494.61677 491.67111 488.30610 485.54257 488.93768
491.26217 485.91104 484.50298 486.15293 489.99950 491.93822 494.81567 495.43270 494.61392 492.48370 488.95614 486.72287 483.58002 483.12043 487.58351
489.21217 485.75686 484.42351 485.73748 487.35154 488.34527 490.89036 490.98258 490.14341 487.57273 484.11286 481.97623 480.79354 482.04564 487.79395
489.29068 486.33538 481.85775 486.04770 486.09094 486.23321 488.00400 488.42649 487.52529 485.33451 480.46190 477.07236 477.77613 480.58257 486.12618
489.58148 485.28416 481.72127 485.28730 484.19570 485.29184 484.92039 483.94793 482.95293 481.30713 475.63705 473.56391 474.45124 478.11994 484.18456
490.20040 484.50965 481.08689 483.00422 483.41011 483.09193 483.41993 482.03185 479.70180 479.67176 474.67489 471.40068 474.40777 477.28534 483.12630
493.37328 482.34050 481.56748 484.22501 482.03365 483.66185 481.56935 479.78575 478.30341 477.21920 473.28652 469.56746 472.14960 476.52623 483.82745
493.48396 482.02531 480.91753 482.85086 479.36631 482.36045 480.17480 477.14898 475.91543 474.88820 471.68121 468.97982 472.63035 476.05705 484.39041
492.15880 482.09116 481.34810 481.67083 480.76807 481.22662 478.14062 475.35893 473.85467 475.40450 471.97047 466.09031 471.07899 475.32037 484.60215
490.01534 484.10766 479.78372 480.68611 480.17103 479.88702 474.78469 471.93717 471.13818 471.06785 467.78470 464.65292 468.67172 474.52932 483.83128
488.58431 483.80300 481.06882 477.69052 478.48010 477.95684 473.23769 470.29118 467.01108 469.01327 466.92979 463.52259 467.05248 473.16517 483.90672
488.14633 483.07038 482.51617 478.66117 477.91576 476.06097 472.90037 470.48332 467.42864 467.92259 466.87826 462.53304 464.88721 471.45613 482.24090
485.97212 480.49339 482.57715 479.07800 476.98444 474.83357 469.76602 468.05608 465.04708 464.74504 464.39006 459.40702 461.73479 471.21558 481.28480
481.29737 478.16269 479.86723 479.96887 475.14384 471.91714 466.14261 463.31945 460.95971 462.48714 462.24502 457.66940 460.32437 468.78994 479.16215
477.54620 477.13793 477.54740 477.57211 475.83273 467.94702 462.84345 460.29801 458.22044 458.27166 459.56664 456.97000 459.69472 469.17524 475.35853
471.83806 476.15389 474.53846 471.96159 473.75033 466.62628 459.55391 456.50359 455.59669 454.27515 456.34726 453.76652 461.13797 465.57155 471.41434
465.48213 471.44683 472.62614 469.61973 468.07989 464.55844 456.60051 452.49801 451.52618 452.72542 453.22951 453.57735 459.33890 461.24568 468.71237
459.63615 466.02546 468.93348 465.75901 463.19659 460.68074 454.68374 450.47421 448.87276 449.21034 452.46285 452.82488 455.22335 458.88279 464.36057
453.33000 460.23941 462.14230 461.94420 458.57899 454.77335 450.64913 448.90497 446.50367 446.58867 448.16795 446.98351 450.69713 455.43262 459.37876
447.27247 453.49981 456.70260 458.39358 455.64754 448.31651 446.01668 443.17619 442.05979 442.86780 442.68206 442.18667 446.07591 450.96769 453.34054
440.73878 448.13587 448.92705 451.04640 449.35314 442.61573 439.79351 438.90987 436.15914 435.60039 436.35885 436.51973 441.12297 446.27720 447.08054
433.65756 440.71985 442.43551 445.91572 443.02363 436.86302 432.28826 435.67894 428.20339 429.54504 429.89555 432.53463 436.73567 439.36507 439.38041
424.86548 430.84545 433.67024 439.07464 435.71651 431.31851 423.18373 428.43457 419.14866 424.13604 424.56192 427.78116 429.47926 431.54714 431.68171
417.35184 422.97872 426.42084 429.26326 427.66326 426.36332 416.76561 423.66701 413.69189 421.57500 418.63676 420.35874 423.13879 423.74206 424.12003
517.98960 515.80081 515.70414 522.29066 526.65181 530.34448 535.05560 537.38986 537.28505 536.08843 533.41890 528.50885 523.28977 519.79658 518.90681
515.18865 513.32396 514.39024 518.30822 524.02703 525.06457 529.19229 530.54273 531.43702 529.78036 525.91642 522.15551 519.58404 515.57656 515.96456
513.51925 512.51948 513.74674 517.00152 520.77700 522.33115 524.28210 525.26039 525.17370 523.81548 519.81721 517.63742 515.68520 512.04293 514.74242
515.74454 512.24164 511.21561 516.66078 517.87879 521.12198 521.44113 521.51317 520.73441 519.31294 515.00702 514.58600 510.51773 511.41723 512.71893
517.12272 511.41376 509.17460 515.38580 516.26036 518.10090 519.96954 518.53696 516.95549 516.66236 513.03630 509.97034 506.50445 508.33071 510.06686
517.49382 510.06274 508.37029 513.45595 515.35405 514.39200 516.07259 516.89095 515.67940 514.33515 510.09108 505.49258 506.20203 505.89543 508.31078
518.53592 510.26186 507.39998 512.27017 512.22807 515.25169 514.01145 512.36202 511.52140 510.07476 505.21230 503.24722 503.47678 504.39143 508.73477
518.67066 511.27007 506.63206 510.48468 509.88338 513.06601 511.87656 510.30979 509.61418 508.86265 504.86868 501.06913 502.13315 503.94866 510.61427
518.05132 511.43658 508.40544 509.50403 508.41722 511.03895 508.82876 508.04371 506.62907 507.26555 502.70109 498.50160 498.98009 501.87787 512.81322
517.21244 509.44522 511.14419 507.84484 507.38577 507.99963 505.81064 502.82167 502.93187 502.98378 499.45929 495.13156 496.81452 501.83920 511.69875
516.01433 508.82306 510.63252 509.21203 505.71233 505.90386 502.34990 501.34361 499.60791 499.77078 496.67689 492.22194 494.06854 502.19942 510.25813
513.39894 509.48513 508.40998 510.21774 506.46236 504.16929 500.58205 499.48176 495.90600 496.39492 495.41774 490.17629 492.63439 501.75633 508.37332
511.32878 507.47638 507.24601 506.43003 508.01636 502.83380 497.90859 496.26363 494.78393 492.71099 492.96345 487.71517 491.99685 498.92276 506.40644
505.55641 505.44157 506.40721 505.23756 505.27721 502.23747 494.88984 492.57559 490.46487 490.94733 491.06533 487.37074 492.84201 495.28536 505.93127
502.76018 502.43517 505.09822 503.61363 501.43039 498.35360 497.38648 493.06876 488.96922 490.26166 490.09054 488.58247 489.93754 494.51459 502.46884
497.49217 499.51642 501.54511 499.72132 498.06463 495.48458 494.32366 491.68541 489.87440 488.63180 489.28284 484.91990 486.12175 491.42081 498.09660
491.96411 495.57687 498.18435 497.72216 493.93909 491.79839 489.69085 488.29091 486.16706 485.29313 484.45879 481.01611 485.03640 488.44723 493.48153
487.18348 490.22315 493.43833 492.59318 491.29146 487.47796 486.07027 483.44299 482.06749 480.56315 478.63498 477.40156 482.63792 486.05153 488.32145
481.56285 486.01505 487.68888 487.00183 487.43880 484.60646 481.95897 478.74718 476.62469 475.86437 473.93539 474.01923 478.55240 480.63479 484.06747
474.24103 479.88360 479.99021 481.38571 482.01046 479.09331 476.87494 474.79010 471.72220 471.45325 470.35234 469.54965 474.20902 474.20388 478.77054
467.14163 474.09742 473.61770 474.01312 475.81240 473.25348 470.72271 470.47248 467.26972 466.45480 464.86235 464.32638 466.49990 469.17526 472.97196
459.48899 466.53063 467.20429 469.36595 468.59526 467.88181 465.12927 467.59893 462.14410 462.13985 459.25020 458.92537 460.37080 463.23175 466.86576
451.33222 457.35565 459.66506 463.82838 460.20091 460.03300 453.03239 460.08991 450.40782 457.07303 453.74742 452.62556 453.42370 455.66646 459.23435
444.03477 448.87570 452.31567 454.33929 453.44053 452.29572 445.25853 452.29620 444.60590 450.59106 446.46454 443.99490 445.12040 449.32328 450.90320
553.92898 549.09603 553.30559 561.57772 568.17983 572.62557 576.58777 579.82950 581.27863 580.68519 579.32678 575.13811 566.83617 558.01965 553.79944
551.10099 547.10433 550.35466 556.92977 564.01098 567.57190 571.58722 572.77301 574.48294 573.60472 570.82697 567.64316 559.52918 552.93846 550.21243
549.53372 547.37767 548.47585 554.82297 559.06962 563.44406 567.50350 568.76692 569.72897 568.76784 565.12691 561.12578 554.57673 549.11482 547.86948
548.74090 548.10018 545.51008 552.37147 555.53828 559.28761 562.89995 564.27826 564.80517 562.89644 558.56842 554.35508 550.34264 545.66797 547.29066
547.82745 547.48107 544.19917 550.21245 553.66948 556.66268 557.53002 559.48735 559.26727 557.61531 553.19960 550.55374 545.15590 542.62462 546.08921
549.71298 546.98550 545.40181 547.48241 550.12621 553.06202 554.02504 554.13986 553.42210 553.06718 548.73783 545.55410 541.97306 540.03960 546.18183
550.39095 545.14535 545.87711 546.87725 547.68052 549.70879 549.48780 550.14785 549.37667 550.07777 544.64924 541.75984 539.46163 540.45764 545.49774
550.23865 544.04190 544.98946 547.95158 544.82239 547.45606 546.90254 546.78191 545.31767 546.04542 542.38023 537.52202 538.15702 542.31383 544.61111
547.65318 543.30635 542.49486 547.17850 544.94794 544.90101 543.03339 542.22682 541.61449 540.97664 538.67369 533.88661 536.66756 541.60913 545.23918
545.49242 543.11577 543.34609 544.13593 546.10978 546.36337 541.15239 538.93238 537.44837 536.86374 535.07905 531.55076 536.11645 538.25760 544.06682
543.43622 541.92895 543.19831 544.20463 542.87796 546.69110 541.57964 538.79603 535.48849 535.50331 534.52492 532.02128 533.53079 536.40758 542.99285
540.35924 538.50289 542.58665 542.50181 541.31313 542.64555 543.32295 540.87720 537.39251 536.04341 535.27971 529.90924 530.14332 534.79993 540.78682
538.51308 535.32182 540.40812 540.67268 540.67083 540.26176 538.51466 538.02400 536.78737 535.40561 532.18930 527.22814 526.88368 531.87861 537.28005
533.45287 533.46660 536.92655 540.78635 539.33510 537.00870 533.42848 531.97821 530.54955 529.63530 528.76752 524.92701 524.89794 530.14298 533.99681
529.77448 530.23156 533.56149 536.00777 536.20288 532.80258 532.84019 530.74038 527.57601 525.70812 525.16994 521.03523 523.48293 526.51642 529.77599
523.62154 527.16687 529.21586 530.14324 532.45179 531.19355 529.25824 526.96581 524.52583 523.75333 522.85091 518.68544 521.97714 522.85269 526.03509
516.97266 523.99955 526.36846 526.44372 526.49184 527.06375 527.64624 525.07821 522.80831 520.56159 521.08491 516.07298 518.10643 517.45031 521.88701
510.05465 516.28120 521.83080 519.94417 521.91702 522.21106 522.92209 520.20590 519.43724 518.42675 515.02649 512.01794 512.34399 514.07241 516.32591
504.41500 509.97124 515.64342 515.41804 515.79495 516.72952 517.09717 514.71849 514.53052 512.65164 508.45053 506.69566 506.96519 508.21495 511.12370
498.71132 502.98334 507.45414 509.38320 509.68595 510.20765 509.84172 509.94267 506.68052 506.56005 503.60041 500.06011 501.51751 503.05154 504.17303
493.94899 497.31884 500.14226 503.02031 504.67267 502.61050 504.04697 504.52857 501.64375 498.12493 496.91445 493.51682 494.82285 498.36629 497.27927
489.10251 491.26098 491.71404 497.12401 498.30502 497.08260 496.67095 498.73530 494.26493 492.60363 489.46198 488.38226 487.73561 491.22186 489.79147
481.62877 482.10557 483.13532 488.87295 489.88283 491.48517 485.43756 492.28155 483.96460 486.74581 484.20254 481.23233 481.47311 482.50076 482.80542
475.62997 475.36297 475.08724 478.23780 481.59095 484.15270 477.74111 484.00846 477.56856 482.05369 478.14986 474.49164 474.74589 473.23597 475.56315
595.96184 596.53725 602.58926 608.09728 614.42625 623.05900 629.91594 634.80378 637.22978 636.81019 634.41674 628.75866 615.96841 608.99025 602.46289
592.51752 592.70786 600.15399 606.29054 608.74249 614.98113 621.38679 625.30085 627.85115 626.45423 623.44242 617.58576 607.76516 603.25361 598.13857
593.89520 594.76387 599.10834 608.67135 609.22110 611.14492 616.78167 619.75837 622.24357 621.18496 617.37833 614.87337 607.62999 603.66556 597.35706
591.57216 591.82187 594.26981 603.89731 606.50951 606.59328 609.86120 611.70806 613.83221 613.86203 608.70006 606.99396 603.80393 596.33011 594.10302
587.66581 588.86002 590.83157 597.50115 603.05846 605.97973 603.99509 605.74392 606.19690 606.89196 603.17769 603.29993 597.46299 590.76106 590.03824
586.53180 589.81912 588.79263 595.11185 598.28154 604.49321 604.02842 602.02233 602.72130 605.15194 599.14463 598.33605 591.79778 588.84462 588.76656
586.88052 589.48232 589.81342 594.42081 596.12457 599.94466 602.36968 601.95422 603.15190 604.76110 598.55252 594.05799 588.74130 588.09790 589.38129
591.29598 590.26717 594.43469 596.79705 599.12963 601.92639 603.62131 604.17664 604.74073 603.56953 598.80267 592.51938 592.41813 589.84120 592.16610
582.37058 581.40653 586.49527 589.83128 590.64803 592.41748 591.84542 591.93077 591.48702 590.63367 587.85914 582.98656 582.83109 583.57392 585.24048
580.19413 579.93205 583.97758 587.63284 589.03100 591.40961 590.30706 588.92427 587.52210 586.70123 584.93607 579.45184 579.72169 580.76529 581.98591
577.46024 578.58848 580.11825 586.11026 587.87904 588.70492 588.07635 587.71489 586.13129 584.31633 582.27207 577.31242 577.52248 578.51704 579.10531
574.35133 575.68991 579.54725 583.75213 586.55687 589.01548 590.25195 588.71109 586.36564 582.20410 581.68557 575.52274 576.84204 575.94480 578.22581
569.32513 572.80868 576.96798 579.22483 583.52264 586.41624 586.80257 587.22398 583.68507 581.41342 577.75227 574.00438 572.09453 572.29399 575.71841
565.21099 567.05604 573.33688 577.30302 579.30257 580.65785 582.29537 581.55018 580.25683 577.27627 574.52957 569.34927 566.55912 568.24033 570.18312
563.17571 564.28650 570.60593 574.38278 575.91754 576.55290 578.35007 577.43723 575.55620 572.51259 570.87951 565.82471 562.81302 565.81931 566.45942
555.69867 555.92233 562.75841 567.56684 569.49267 570.90523 571.48664 571.19715 569.66350 568.23999 563.42758 559.60852 558.84221 559.81944 558.33905
550.92716 552.07433 556.38646 562.04329 564.90808 567.51066 567.82448 566.48949 565.23015 561.00710 558.66973 555.02112 555.26339 552.55768 552.25593
545.42089 547.69114 551.32646 554.16063 560.38834 562.65502 563.85703 561.87321 560.48126 557.94764 554.32748 550.68659 550.31781 547.36304 546.68111
544.24034 547.91658 548.57069 550.23852 556.00690 559.87313 561.74121 560.31086 559.54921 558.18753 553.02010 551.02391 548.69800 544.72111 546.58891
535.90641 539.35816 539.87394 541.46598 547.06644 550.88590 552.04392 551.26830 550.43442 550.09940 546.01442 540.71928 538.19433 535.38608 538.76594
528.47430 533.05501 533.38855 535.67868 539.15977 541.52500 542.71676 543.34719 541.91484 540.43883 537.65614 532.78065 529.44537 528.26700 532.88895
522.81752 527.60253 528.25503 531.67878 531.50294 532.52494 532.95778 534.99003 532.06756 532.12712 528.83323 524.69320 521.07662 523.68783 527.40959
512.65618 517.24332 517.93443 522.07129 522.78609 523.72162 518.12581 523.01465 519.51846 522.71721 518.66316 514.04047 513.05651 515.63715 518.90554
506.21325 509.11020 510.26304 513.84965 513.34926 515.82096 508.21758 512.62759 508.85628 514.35233 510.23152 506.04927 507.62479 508.59847 510.75950
562.49966 571.99482 579.00987 583.52907 590.92997 592.73905 596.81331 600.60756 602.12739 600.87772 598.72995 590.82266 581.05246 568.02338 553.44661
562.26954 576.79624 587.66675 594.24829 602.52838 604.59487 608.61053 609.65707 608.57565 604.83909 601.67451 592.48923 580.87532 565.74278 550.81775
557.78881 573.97055 586.88830 594.50332 601.39044 603.36240 606.64043 607.49095 606.25375 602.20950 598.14729 589.03113 576.33304 560.26335 545.32937
551.99797 569.78344 584.10919 592.42471 598.57431 600.73217 603.62184 604.63885 602.61874 598.38452 593.00449 583.80255 570.87527 555.35232 539.83865
547.18340 565.07094 579.77370 588.58870 595.27631 598.09505 600.47827 601.46576 598.86010 593.66139 586.94014 578.80787 565.42605 549.96803 534.90979
541.79367 560.66199 574.99594 584.01437 590.63290 594.35545 596.60522 597.05702 594.09792 588.65113 581.13312 573.14870 559.95270 545.16904 530.43663
537.22492 554.99591 569.60413 578.87679 585.29205 589.79169 591.90923 591.83772 588.89697 583.20926 575.47070 567.12388 554.80777 539.86677 525.88964
532.26569 549.87536 563.64599 572.98974 579.45860 584.40580 586.80814 586.62872 583.71093 578.02031 569.62229 561.39118 548.96889 534.32882 521.16335
528.08817 544.39833 558.94052 566.98594 573.80381 578.51141 580.89325 580.69972 578.24661 572.50395 563.87602 555.97979 544.10054 529.38333 516.44561
524.06716 539.20435 552.74036 561.16069 567.72823 573.23998 575.54927 574.87985 572.35287 566.86437 557.90219 549.85922 538.91252 524.41403 511.95409
519.33402 534.43906 546.65451 555.36535 561.53557 566.68268 568.94218 568.98119 566.16457 561.72817 552.46623 544.49834 533.77302 520.20018 507.05601
514.17355 528.20207 540.74619 548.86693 555.24744 561.09179 562.89683 562.80907 560.93319 555.44822 547.03405 538.23081 528.20765 515.18706 501.70001
508.91442 522.67771 534.05512 541.18975 549.25225 555.01285 557.45126 555.83543 553.46276 549.81335 541.25394 532.31320 522.40648 509.58158 495.62238
502.86642 515.51533 527.17099 534.81230 542.63433 548.32660 549.90164 548.72750 547.28302 543.13832 534.81518 525.65626 516.00231 503.45085 489.79581
496.07493 509.31459 520.80166 528.54143 536.71898 541.92062 543.03878 541.61270 538.82830 536.75541 528.14477 519.41366 509.72384 497.30376 483.18140
489.33926 502.34933 513.54187 520.95898 529.34017 534.37932 535.21554 533.53068 532.10587 529.17708 522.15554 512.58041 503.14609 490.51175 475.79238
481.67436 494.68843 505.34350 513.44781 522.64019 527.25700 527.33109 526.51738 524.91290 521.20372 514.12519 504.81565 495.95985 482.71935 468.22105
473.85770 486.80137 497.18101 505.50244 514.82128 519.15287 520.47308 519.35251 517.03067 513.09502 506.48540 496.42962 488.13985 475.55389 460.65856
465.52378 478.55487 488.73278 497.18579 506.08520 510.06856 511.82209 510.34531 508.30279 505.25711 497.93643 487.79059 479.45582 467.54985 452.73457
456.94666 469.80657 479.45010 488.36624 497.17599 501.48202 502.22722 500.89402 499.06367 495.84225 489.20228 479.25969 470.15225 458.87208 444.32051
448.50830 460.77035 469.84315 478.84356 488.28310 492.65225 492.54973 492.32732 489.71087 485.58260 480.70193 470.13289 461.02980 449.81500 436.41276
439.46903 451.33349 460.15388 469.76357 478.43796 482.41588 482.12139 482.51103 478.82466 475.79623 470.76119 461.61506 451.04194 440.74919 427.79763
429.00211 440.62296 449.43424 460.09119 468.39210 471.77341 470.18334 472.47359 466.82338 466.08163 460.36488 452.35485 441.59572 431.17030 418.92491
419.16255 430.17858 439.31307 449.06826 457.30847 460.51618 459.04439 460.62931 456.17728 455.15538 449.82814 441.04928 431.76646 420.95141 409.02371
576.43665 571.87222 568.55811 566.61860 573.72804 575.61863 581.78638 587.96780 594.46717 597.11842 600.44163 597.92968 598.51119 594.11868 586.72460
581.96666 584.79884 583.60684 582.68620 590.43147 593.10112 599.21070 602.67141 606.93895 607.41343 611.29683 606.43890 602.75476 595.40675 585.50755
580.76999 586.51601 588.38280 587.88282 593.69751 595.31741 599.47642 603.84154 608.14506 609.63821 611.00470 605.99815 600.69969 591.45261 580.32492
578.99642 586.86578 590.17628 591.60342 596.33273 596.81061 600.01470 605.25040 609.14137 610.31255 609.40673 604.65137 596.91860 587.77267 575.45863
577.18486 586.41406 589.89932 591.99090 597.83758 599.79069 602.07038 606.41243 609.08044 608.30996 606.11827 602.02389 593.70139 583.79350 570.55442
574.16333 585.18903 588.57524 590.62747 597.07226 599.69489 602.11177 605.90644 606.66247 605.55294 603.98163 599.13294 590.55512 579.76381 566.46872
571.22278 582.21446 587.40020 590.48234 595.98334 599.65212 601.33391 603.76850 604.69794 604.09822 600.61904 596.99517 587.23318 575.62942 561.24611
567.96293 580.02563 585.97768 589.55338 594.94891 598.41407 600.65107 602.35544 603.02534 601.49416 597.56666 593.64108 584.03582 570.66597 555.17534
564.16513 577.12632 584.02943 587.79029 593.75206 597.79552 598.40976 600.09587 600.72848 599.20466 594.58327 589.79874 579.94895 565.65524 549.54148
560.36475 573.80667 581.36366 585.94477 590.98336 594.60635 596.29074 597.56602 597.40315 596.16261 590.96971 585.46078 574.97552 560.20787 544.33869
555.16313 569.77473 578.26931 583.01949 588.58052 592.39136 592.96339 594.18472 594.80687 593.26173 587.08828 580.15806 569.17498 554.75792 538.13753
548.80028 563.72118 573.42840 579.67173 585.79523 589.25532 589.68802 590.11266 591.24173 589.41834 582.58358 574.05137 562.95126 548.26423 531.29137
542.05013 557.03819 567.27094 574.36760 581.95124 585.50904 585.68892 585.27986 585.34395 583.74223 577.12191 567.27415 555.56007 541.09221 524.11069
534.62787 549.26616 560.37003 568.57180 575.72952 580.30637 579.18518 578.30347 578.74836 576.88821 569.83347 559.85515 548.34172 534.07637 517.25907
526.50903 541.90668 553.13969 560.95619 569.64351 572.73305 572.16068 571.33299 570.24126 569.62372 562.61031 552.04581 540.84293 526.79344 510.10070
518.83273 534.23717 544.79656 552.92709 561.19733 564.49721 564.27723 563.46629 562.78184 560.94814 554.49646 544.56216 533.54523 519.59942 502.80621
510.80024 525.75484 536.68445 545.26231 553.45965 556.26822 555.31556 555.32690 554.68870 551.78255 546.23929 536.00044 525.48651 511.34842 495.18734
502.23068 517.16906 528.51470 537.13601 544.83772 547.73092 547.75540 547.97560 546.35565 543.28878 537.88443 527.16331 517.23280 503.28963 486.79206
493.56932 508.92111 519.80065 527.96727 536.44380 538.12606 539.12844 537.69531 537.41861 534.93068 529.37957 519.15099 508.96344 495.13724 478.54133
484.70213 500.28512 510.39472 519.76249 527.80191 529.87800 529.85682 528.76907 527.96857 525.85617 520.42763 510.31484 499.32378 486.10963 470.24783
476.14080 490.68969 500.87755 510.69459 518.94598 521.29296 521.15370 520.66873 519.22472 516.14943 511.74371 501.62462 489.37736 477.13292 461.74837
466.66196 481.31151 490.77972 501.68961 508.95954 512.02014 510.56781 512.27982 508.93610 506.89618 501.96406 492.69088 479.96344 467.93150 452.68905
456.26525 470.24386 480.89656 491.92029 499.20713 502.03150 498.25501 502.54000 496.93179 497.94713 491.41922 483.11912 470.27678 457.58710 443.42734
446.07765 459.47505 470.00088 481.02977 488.55627 491.30408 488.15494 492.32595 487.33810 487.41184 480.91816 471.73527 460.05752 447.50507 433.04991
575.65535 562.89689 557.10448 555.03891 561.59862 563.70227 569.38018 575.31543 582.43001 586.69987 591.25456 591.56220 599.75536 607.36921 612.87663
583.56146 574.76918 567.86587 565.43123 572.17308 574.23028 580.64811 585.09445 591.58571 593.43705 600.45192 600.99183 605.54851 611.24608 614.05506
586.46293 580.01240 572.41283 571.23025 576.79701 578.49008 582.68672 587.94353 592.90258 596.42993 603.93776 603.18836 606.31800 610.67869 609.24096
589.35096 585.21911 577.58405 574.91512 579.09467 580.98154 584.19606 588.93607 595.33707 601.95733 605.73506 605.25122 604.83018 608.58661 604.28227
593.14960 588.84793 581.00811 578.55411 582.52272 583.28796 585.23083 592.03626 598.63675 603.99323 605.17426 607.05104 604.50493 607.21134 599.71104
595.49656 590.18129 581.89232 580.24077 585.76072 587.03297 588.45114 595.07791 599.04820 603.37696 606.49711 607.05883 604.90842 603.60177 595.27915
595.25150 590.91912 583.64056 581.16529 587.97453 590.63256 591.45547 595.84964 599.47478 604.29018 606.44601 608.85798 604.64520 599.71145 590.55544
592.79282 592.68632 586.91490 583.70855 588.82114 591.81078 593.06031 595.72109 600.70782 605.13574 606.54092 609.46177 603.99251 594.43005 585.51438
589.08409 593.14434 588.31819 586.03302 591.07497 594.57612 593.27568 595.30494 600.81355 605.71782 607.98134 607.32929 599.86695 589.97130 580.31428
584.43592 591.28501 590.31377 588.18452 591.79827 594.27086 594.05285 595.75915 600.10669 606.84103 606.93229 604.00893 595.80182 585.70885 575.98724
580.77746 587.12779 589.08504 588.88607 593.54525 594.05872 593.02006 596.06080 600.96330 605.78265 603.87261 598.65302 590.58465 581.93965 570.97915
576.55543 582.19324 585.13559 588.46753 593.84806 595.40067 593.78946 594.88562 599.22400 602.67091 599.09130 594.04228 586.56482 577.04551 565.21016
571.35192 577.27746 580.43202 584.88547 590.96494 594.86655 592.06667 592.13142 595.07731 597.36208 594.01162 588.77184 582.61980 571.44445 559.02045
565.52849 572.56692 574.52200 580.00200 586.18934 589.26092 586.24672 587.14431 588.78644 591.78386 589.69520 584.67948 576.66640 565.48842 552.45719
558.59325 567.25915 571.27828 574.59223 581.49707 582.43076 580.09509 580.15319 581.48967 585.22245 584.91506 578.68686 571.02490 559.73050 545.73702
552.21030 561.37024 566.23401 570.20433 575.48684 576.62571 573.06382 573.28492 576.13353 579.43323 578.48113 572.73476 564.90655 552.97602 538.89565
544.93898 554.45308 560.40527 565.57573 570.25208 570.54556 566.58580 567.20047 569.97881 572.48669 571.83149 565.53888 557.44356 546.23626 530.84856
537.42124 546.99080 554.23248 558.60788 564.19057 564.51931 561.45159 562.40442 563.92302 564.81613 564.46425 558.07788 550.42263 538.30166 523.22377
529.40573 539.84259 547.36489 551.45812 557.22039 555.77094 554.75573 554.47983 556.40598 558.38954 557.19662 550.05931 542.08336 530.17758 515.05702
520.38113 531.62117 538.87652 544.63479 549.50581 549.10527 546.74604 545.07966 547.17984 549.56536 549.69923 541.83103 533.30621 521.53445 507.34207
512.00219 523.90515 530.21839 536.80994 542.69996 541.38578 538.41900 539.77100 539.35918 540.13832 541.67872 533.58714 523.90228 512.75893 498.78294
502.53286 514.10037 520.84795 528.60354 532.93923 532.17788 528.82347 533.02153 530.15308 532.08595 531.23107 525.07162 514.72027 504.06552 489.51508
492.26201 503.62688 511.28802 520.26597 523.81809 524.24317 516.40750 523.49140 518.54563 523.97737 521.21822 516.05781 504.67466 493.63197 480.24532
482.31848 493.50284 501.67310 509.70663 514.02461 515.28937 506.69863 513.98471 509.28494 514.72116 511.55319 505.95632 495.07779 483.64352 470.28422
578.34089 566.25487 563.55800 563.50507 569.53371 572.07889 576.79466 581.51130 586.37209 590.15537 593.57029 593.51348 602.07238 615.64762 629.32093
583.04717 572.33514 567.80309 567.20392 573.88440 576.02841 581.25359 584.25338 589.12694 591.44681 596.65804 598.90972 604.83570 618.77084 629.72208
586.91623 577.67365 569.85958 570.30808 575.95728 577.94707 581.75638 586.56652 590.24298 592.97495 600.48350 601.17463 606.90378 619.24036 625.66067
592.34229 583.59988 575.31931 572.54151 576.74947 579.63799 582.83698 586.91996 590.79281 597.86289 602.66735 602.88849 606.44017 619.02170 622.31723
599.53783 588.94207 578.56313 574.56457 578.44298 580.21141 582.41065 589.17641 594.63012 600.71293 602.57340 606.24884 607.18750 618.18140 620.26158
606.08001 591.20397 578.17146 576.88699 582.19120 583.18743 585.18363 590.98860 595.62098 600.54072 604.93466 608.49549 609.72578 616.12693 619.33476
607.18128 593.42688 581.49283 578.25880 584.57384 586.78104 588.31867 591.96287 595.98988 602.69388 606.84547 611.94459 611.73280 613.73393 617.30148
605.37693 597.30881 585.32998 580.73929 585.35984 588.88589 589.63820 591.65379 597.79228 604.95684 609.15806 615.89651 611.74008 610.21856 615.39212
605.45859 599.22483 589.20077 583.44352 588.81714 591.65971 590.72686 592.64880 599.99434 607.15634 612.46577 614.00927 609.57765 609.75485 612.14028
603.95082 598.39596 592.04310 586.90046 590.96929 591.80486 592.42599 593.80701 600.73023 610.30989 612.46512 612.76280 608.56014 608.04211 607.97380
603.24234 596.52001 592.36784 588.98111 593.68003 593.80588 592.07519 597.41398 603.07526 610.68811 610.55948 609.74230 607.46834 606.53035 603.85845
600.99585 594.88484 589.64532 591.10597 595.58395 596.17157 592.79020 597.39181 602.62810 607.22587 608.16482 608.98014 606.08431 602.22847 599.55751
597.66499 592.15967 586.11090 589.08237 594.18533 597.03627 592.44492 594.99821 598.51659 603.52864 607.61835 606.16355 604.48486 598.82833 594.96256
593.37635 589.46741 584.98629 585.99323 590.47336 592.34397 589.12629 590.72563 593.63664 599.87434 604.47291 604.44414 600.99481 593.43838 590.29941
588.47857 585.60993 583.02793 584.37924 586.79379 585.30396 583.10369 584.41913 587.82327 595.21750 600.82793 600.89478 597.03778 589.92967 584.74339
583.28870 581.77966 580.07557 581.80070 583.57995 582.97433 577.25536 578.99254 583.89191 589.75257 596.03355 596.00235 591.64549 584.74151 579.57742
577.15222 575.87845 576.42101 577.81943 579.17841 578.53135 573.64101 575.72215 579.15292 583.83945 589.55883 590.48694 587.17874 580.12697 573.03792
571.26286 570.79789 572.62120 572.65433 574.08790 573.54310 570.25306 571.61980 574.22832 579.20756 582.82486 584.11148 582.10946 574.48248 567.28252
565.86175 564.79449 566.95006 567.51907 568.19651 565.35556 564.17133 565.10508 567.72435 573.30648 575.81771 576.17326 575.84591 569.54572 560.18648
560.28696 559.08412 560.59266 561.56005 562.68029 560.16480 557.07954 556.26798 560.76481 565.89410 570.08896 569.46855 569.60323 562.88532 553.04062
552.42210 553.79518 552.66732 553.75199 556.81518 553.43073 550.57807 552.91556 553.84373 556.94491 562.93417 562.92166 560.35522 555.74002 545.74847
544.76429 547.29545 546.16221 547.14392 549.06575 546.27035 543.05016 547.53797 545.57373 550.71502 554.55043 558.12321 553.35750 546.92256 537.05431
534.97925 538.81403 537.58255 540.65218 540.24579 539.29842 530.60359 540.71216 532.99699 543.23133 546.07058 550.06542 545.27002 538.15161 528.04487
526.36447 529.93738 530.43271 531.48930 532.18674 531.37277 523.35313 535.71850 527.38326 537.03409 540.23775 540.81801 536.33318 528.26543 518.79796
592.34389 584.82890 583.77692 587.31571 593.26937 596.54085 600.81507 604.85022 608.10147 607.66027 610.36395 609.74188 615.36353 629.32531 641.63260
593.66096 587.16387 584.52022 586.05686 594.20721 597.23732 601.75665 604.15901 605.65014 606.56580 611.28074 610.19318 616.60356 629.99306 641.45290
598.05175 590.77356 587.04385 586.92675 592.57345 595.86881 600.03761 602.47925 605.69750 608.41704 612.01793 610.90018 617.93528 629.98336 638.33137
603.78009 595.39478 591.04205 590.45560 593.72959 595.46686 598.87419 603.04731 608.29270 611.78899 612.62215 613.78440 617.11767 629.28846 636.28192
610.23060 601.04577 591.60134 590.04450 595.91249 598.91641 600.67773 605.44878 609.17120 611.57987 613.26498 615.57804 619.04805 627.95494 635.40508
616.15251 602.83946 591.82018 589.51736 595.81523 599.62017 602.03388 605.71475 607.35821 613.09908 615.69233 619.66878 621.60125 626.67650 635.72465
617.76900 604.91490 594.01014 590.47548 596.26240 598.95167 600.52232 603.63814 608.70770 615.08457 617.51832 621.91476 621.67077 625.24349 635.25202
617.20850 608.45656 596.67580 592.85901 598.89490 603.01549 602.98245 604.77571 609.68724 615.66701 621.85377 623.69049 620.09449 623.68980 636.00277
618.09165 607.39278 601.64037 594.95455 600.86129 603.84467 603.07710 605.68584 610.90149 618.46672 622.81796 621.42354 620.12924 624.04854 634.37792
618.87506 607.83119 601.91715 598.84293 604.18103 604.33827 604.25536 606.22314 612.64937 620.87000 621.26311 621.38051 620.96835 623.95778 630.41793
618.55556 607.63384 599.89730 600.39919 605.88347 606.28673 604.94783 608.88567 614.08186 618.45948 618.65107 621.74416 620.91405 622.95664 628.46955
617.61583 607.83890 596.87794 599.02259 605.15827 607.55661 605.71539 608.73753 612.06981 614.72695 619.93789 620.93232 619.37601 619.57578 626.22288
615.21702 604.56619 595.44923 595.63836 602.12493 604.99115 603.36463 604.95987 607.10518 613.19210 619.45672 618.54749 618.68327 617.44737 624.82831
613.21105 602.17018 594.42826 596.78286 600.37921 600.26016 598.09787 599.75311 602.77996 611.03088 616.90798 618.61430 614.50771 614.55148 620.42431
610.64664 599.45966 594.24658 594.67147 598.68479 596.53558 593.58445 594.99845 599.23787 606.23738 614.72764 615.84681 613.20155 613.94512 615.15002
607.13887 596.26415 591.89628 592.02139 595.38832 594.39117 590.16666 592.38913 595.71800 602.42245 610.22410 611.72778 610.54762 611.35944 609.67384
602.70293 592.64798 588.62370 590.26650 590.30755 590.04320 586.59725 590.11074 592.05566 597.76769 603.62045 607.35375 609.48891 606.87941 603.57266
597.22441 588.11219 583.90447 585.79124 586.25304 585.86825 583.89392 585.41268 589.79265 593.52571 597.89528 603.30701 605.26818 601.83119 598.08243
592.57686 585.46343 580.12343 579.86568 580.69443 579.32407 577.34236 578.86741 582.49955 586.17459 592.18078 598.38813 600.35528 595.05936 591.75696
586.72653 580.72968 575.96789 573.87815 574.80609 573.88831 572.01308 572.78550 574.96451 579.32646 588.60490 592.37691 592.76393 589.72082 584.85553
578.95193 576.20704 571.17517 567.91475 569.14694 566.84218 566.91895 569.56550 569.23720 571.14096 582.95984 586.30455 584.78262 583.22015 579.94667
572.77682 569.98545 566.18143 563.92773 562.69279 559.66423 558.98974 565.60311 562.10470 566.23409 575.84662 580.82259 577.98507 575.62435 571.65356
564.24142 560.85723 559.44907 558.23396 554.32173 553.75805 547.44140 559.70132 552.72347 563.28724 567.21352 573.26906 571.09909 568.29931 564.23663
556.76416 553.25139 552.37131 551.02013 548.72728 548.81219 540.29086 553.94154 547.31834 559.69018 560.58082 563.59886 563.04289 559.70445 555.57953
619.75423 614.38602 618.55371 622.12013 629.16180 631.93267 635.36841 639.00969 640.72705 640.95578 639.77524 636.83881 642.15419 652.61276 660.31041
620.43361 614.31778 616.34062 620.33753 627.95948 630.84100 634.38249 636.36989 638.93957 637.91881 637.44475 637.17158 643.39006 649.29551 659.66280
624.46342 618.10886 615.57972 619.87134 626.68458 629.76048 633.87044 635.26119 636.78208 636.16999 638.56576 638.75688 643.62988 647.56910 656.67717
628.41998 621.91179 618.70259 618.64364 624.26460 627.87121 631.01399 632.99931 635.35714 638.68205 640.10058 640.85185 643.49280 646.79339 655.61345
629.73010 627.77683 620.05763 619.51118 624.69928 627.81929 629.27055 632.52994 637.02843 639.81523 641.41820 644.69330 640.99869 646.03590 654.32293
632.92814 629.00229 620.67286 619.36325 624.66486 628.22804 630.66895 632.92176 635.06422 640.52746 644.63381 644.97934 639.58401 646.60573 654.92229
636.14165 626.92632 622.80929 619.86964 625.66844 629.18652 630.83365 632.87635 637.13041 643.44098 643.56677 642.07207 639.72300 644.07750 655.17438
636.63464 626.72355 624.11340 623.32341 628.98818 632.89591 632.23384 633.40486 639.72444 644.39438 642.53743 640.32554 640.12574 644.10213 657.86862
636.50795 625.53143 622.74047 624.79459 631.36959 633.92764 634.46647 636.19846 639.23624 641.52756 640.31074 641.00405 638.87315 643.77593 657.59480
638.09474 628.00165 621.18455 623.11481 630.31518 632.83256 633.50899 635.49710 637.37431 638.41495 639.40235 641.91013 640.39131 643.55559 654.69943
637.18326 627.53871 619.13415 618.31269 626.09291 629.37321 630.53113 631.59927 632.97796 638.06464 640.81684 642.10431 639.71807 641.74881 653.42084
637.65196 627.07568 618.96944 619.06344 623.06262 625.37584 625.04679 627.60750 631.54161 636.64499 639.30352 641.02692 638.07238 641.82889 650.52971
636.29731 624.55483 616.43995 618.48198 625.50659 625.76169 622.55603 627.54861 630.50401 633.35552 638.86456 639.06677 637.89789 641.03914 648.72115
636.72589 621.12690 614.95219 617.67588 621.72475 622.80631 621.25769 624.09103 626.02365 631.52665 636.08589 636.13789 636.09584 637.64005 644.23971
634.48317 618.93288 613.52967 614.84542 618.99762 618.66358 617.36603 619.34450 622.62308 627.99380 632.78506 634.77734 636.25812 637.05900 639.66304
629.80047 617.71567 610.54760 612.12956 616.08514 615.67595 613.19933 615.58711 619.74860 622.71941 627.73660 633.92509 635.02447 632.78679 634.49267
625.03799 614.33925 606.34314 608.98056 611.82502 611.28993 610.26858 611.62440 615.37490 617.75032 623.41483 631.78053 630.94448 628.30726 629.95874
620.44387 611.32379 605.98884 603.42050 605.01384 606.40249 607.90885 609.43924 612.46890 613.02373 619.20417 626.46238 627.97236 625.32095 624.87730
616.26963 607.45125 602.51205 599.48394 600.52356 601.51880 601.19157 601.46161 604.93214 609.20927 615.17334 619.83870 622.31331 619.80010 618.87146
610.65804 601.49451 598.97478 597.07062 595.73768 595.63135 594.34736 595.04472 598.48380 604.02710 610.19658 613.96564 616.05589 614.41154 612.54263
604.54684 596.78411 593.62939 592.18895 593.57174 591.54264 589.26395 592.57858 594.26424 598.38279 603.87986 605.64572 608.52755 609.88667 605.68719
598.31385 592.32379 587.28102 587.89456 589.70172 586.71140 581.27305 591.48516 588.77401 593.23996 596.40106 601.45293 602.53271 601.86515 598.35427
589.66357 583.34722 578.60165 580.17278 580.52762 582.29844 572.05324 585.14820 577.93843 587.59911 588.57290 594.99048 595.62870 593.56186 590.91924
583.02342 577.52969 571.11231 571.60627 573.33373 575.22220 565.87762 577.32822 571.41635 581.47443 583.24200 586.62042 587.97915 585.70617 582.50321
657.25143 653.16848 656.69221 663.09976 669.75292 671.87476 675.74973 677.51496 677.66190 675.99889 675.58710 674.91428 677.18875 678.44647 686.92677
654.23418 654.61063 655.51139 659.90584 665.63273 669.36900 673.34522 674.39152 675.10628 674.07045 673.17725 674.62009 673.67156 675.70483 684.79925
653.07871 655.87616 655.67578 658.92398 664.26568 666.61042 670.45335 672.20297 673.41479 673.76715 676.79817 674.88853 670.58981 674.56045 682.15657
654.18263 655.93897 658.31016 659.40126 662.94837 665.82785 668.21253 672.19592 674.36102 676.25837 677.47317 672.77706 668.73161 673.63933 680.90104
656.80128 655.85157 658.29361 660.15910 664.80072 667.25336 668.52003 672.26156 675.60171 677.04068 674.95539 669.87780 666.90442 672.98723 679.44232
660.19710 654.81746 655.95649 659.15863 664.98270 667.71282 670.05077 672.55626 674.45487 675.21336 671.32352 670.00620 666.56009 672.13307 681.64555
662.50732 655.04689 651.67306 656.60382 664.00608 668.52964 669.05249 670.68601 671.78326 671.02799 668.81645 669.82226 666.91640 669.44526 683.61489
662.37093 655.24511 650.57536 652.96201 660.62681 665.25830 666.65863 666.56513 667.56780 669.59931 670.11652 668.04805 667.62157 668.90187 685.17087
661.54096 654.26043 651.15066 651.07778 656.50734 660.69854 661.38954 662.17285 664.71841 669.24528 669.15240 668.87609 665.90401 669.28390 683.23343
664.22189 655.59825 649.80211 652.49264 658.57433 660.13031 659.64045 663.95292 665.02115 667.06241 668.30134 668.36721 664.42332 670.29209 681.14206
664.29172 653.99047 647.86250 649.55947 655.67181 659.34047 660.26467 661.22344 663.09759 666.07655 668.35747 666.84273 663.39428 670.62651 678.35718
666.08789 652.26406 646.77777 647.33779 653.81653 656.50428 657.17579 659.42707 662.23682 664.32789 667.18022 666.45895 665.34883 668.40221 676.43987
663.31153 651.14105 643.67990 647.85037 654.37322 655.66408 654.97322 658.29256 659.62229 662.12458 663.88644 664.73032 666.22560 665.75766 674.13656
661.13261 651.07650 640.53888 644.58921 650.65882 651.53481 650.55798 653.33766 656.16699 657.14189 663.82046 666.15660 663.59741 663.38963 670.21883
659.11243 648.80151 640.47652 639.92357 646.05423 646.61181 647.57673 649.14781 651.55745 654.84050 662.43530 663.01131 662.30467 661.49509 665.95595
654.78457 644.99014 639.61938 639.12835 641.80870 642.91878 641.50951 643.03068 647.97690 650.74043 657.81858 659.96475 659.20462 657.40220 660.32321
651.68668 640.56249 637.75487 638.17521 639.71691 639.98656 640.14813 641.55074 648.26734 650.17338 653.53038 656.19596 656.47382 654.22234 653.83657
646.04302 636.70595 633.78550 635.65936 636.68811 639.18064 638.76031 642.78678 645.37544 644.91364 646.95690 650.34791 652.07907 651.14861 647.75990
641.66426 632.76064 629.37983 629.64655 632.74961 634.14669 635.29612 636.49156 638.45266 640.47155 640.54397 644.78341 649.27462 643.99329 642.12854
635.30533 628.20489 623.61171 623.88090 626.34919 629.20733 629.31208 630.52254 631.30921 634.57056 635.56272 639.51082 640.45319 637.85454 635.86698
628.52683 622.81498 617.99121 618.24575 620.02645 622.38339 623.05258 625.69321 625.22472 626.11162 631.16761 631.70061 633.55629 632.06320 628.28631
621.60655 616.85404 611.68407 612.85266 614.29734 616.12237 614.32625 620.86381 618.26814 620.94912 622.90946 626.61601 626.77179 624.49289 621.93693
612.99471 607.84361 604.60433 604.61899 606.75284 610.06977 604.21736 614.50644 607.07503 616.57545 616.76454 620.27053 618.68566 616.72770 613.99830
605.70767 600.02603 598.43887 597.87703 600.70077 603.23728 596.93446 607.53679 600.67632 610.11291 610.85399 610.55481 610.41916 607.35191 605.80688
692.56937 694.60899 705.94525 715.39323 723.18416 726.29046 729.59391 728.99341 727.62355 724.15523 718.87661 711.41591 712.12175 715.35635 721.19091
690.22894 691.97624 699.92977 710.05696 716.77092 720.86286 723.89917 723.77986 722.83107 719.28759 713.77305 709.27744 708.54956 711.11022 718.58610
689.37871 692.16438 696.45231 704.03981 712.01107 716.76628 719.82306 720.56975 718.43609 714.19006 711.35514 708.97081 706.45271 707.88738 717.29487
691.18009 692.41879 695.79691 699.87179 705.89443 711.06354 714.06311 714.94654 712.79482 711.83564 711.27905 707.62555 705.04371 706.92798 716.17422
692.94263 692.53426 694.19241 697.42259 702.34471 706.17371 708.40214 709.70543 711.36856 712.08153 709.37748 705.95000 702.92843 707.79823 714.74290
693.21918 692.53167 692.18693 695.55387 700.87139 704.38493 705.52970 709.00136 711.14919 711.33734 708.05797 705.98997 700.39789 706.49850 715.60460
695.85791 691.78370 690.54870 692.05798 699.90502 704.76906 705.18711 707.57857 708.08265 708.09879 706.96945 704.82714 699.65845 706.00744 716.09047
697.36948 689.86200 689.59355 689.82030 698.05002 701.37999 703.53853 703.47567 706.03478 707.50452 705.67878 703.01597 700.86607 705.37454 715.96587
698.91046 689.14283 687.39076 690.10053 696.91650 700.66149 700.91259 702.95885 705.09961 706.05423 703.39366 701.80941 702.65497 704.13836 714.32264
699.42511 692.85656 684.07182 688.40756 695.05066 697.62534 699.22711 701.74931 703.28031 703.24912 703.06258 704.67503 701.57149 702.59696 712.56789
698.50209 692.23578 683.56565 684.89841 691.78239 695.74897 697.42034 699.58642 701.02077 701.86346 703.65422 703.42575 700.40208 701.90221 709.42979
698.01148 690.00721 681.62048 681.75977 689.45422 691.95173 694.34738 696.30502 698.53523 699.93265 705.38350 703.23680 698.84374 699.36382 707.34162
696.64560 687.48922 682.27915 683.63293 690.69814 691.72817 691.86242 695.78647 698.94940 700.69728 701.93484 700.61916 697.28517 697.73158 702.41059
692.05981 683.25527 680.30902 683.83293 689.78460 692.70242 691.27412 694.93858 696.89392 697.77822 699.62165 698.62227 696.55480 695.25577 697.53331
690.42230 682.10163 675.97582 680.04511 688.07385 688.93659 690.47482 691.89486 692.86491 694.98437 696.19083 696.13222 694.61924 690.87567 693.82010
686.41044 677.38180 674.25084 677.30888 681.24111 685.32003 685.91771 687.42240 688.57095 688.40859 690.89519 694.20037 691.62177 685.85870 687.72791
680.36687 672.95933 671.41017 672.55567 677.05161 680.24694 680.38577 684.08563 686.37966 684.93123 687.06167 690.00265 687.38859 681.61419 680.80754
674.40616 668.49643 666.27959 668.46802 673.02043 677.19715 676.85156 680.65125 682.19539 680.57852 682.27923 683.57257 681.78789 676.80317 674.08792
668.70128 663.06560 664.93526 664.92038 667.40808 670.22234 672.60499 672.92720 674.64896 677.68707 676.69672 676.52661 677.10370 670.67654 668.53426
661.89579 657.90409 657.29638 660.36255 662.73663 665.94793 666.11198 666.21019 668.51286 671.12336 671.58378 670.02354 668.42238 664.03253 661.72218
655.81027 651.96014 650.60742 653.56804 656.34699 661.01073 658.52017 662.57899 662.22412 663.57984 664.97594 661.16047 661.66136 656.55419 654.99893
648.58544 644.41046 643.58818 647.25923 650.27444 654.56584 650.76301 656.02786 652.85794 656.43738 655.65240 655.21764 653.67518 649.51261 649.52055
639.02624 636.28078 634.60445 639.58406 642.66244 646.24697 637.66935 647.12953 640.65633 648.50292 647.45463 648.13923 645.29484 641.18304 642.19656
631.73927 627.03341 627.09709 629.59612 635.46062 637.89327 630.46054 638.28250 631.58115 640.42880 640.44106 639.13738 636.80683 633.67761 633.94710
