1.72015 1.71336 1.70052 1.68628 1.66868 1.64571 1.62830 1.61607 1.61030 1.61321 1.62208 1.64112 1.66664 1.68880 1.70829
1.72592 1.72589 1.72016 1.71109 1.69466 1.67892 1.66627 1.65572 1.65180 1.65537 1.66382 1.67758 1.69420 1.71015 1.72192
1.73112 1.73174 1.73072 1.72308 1.70536 1.69019 1.67984 1.67099 1.66742 1.67055 1.67735 1.68921 1.70495 1.72026 1.72735
1.73514 1.73674 1.73881 1.73240 1.71507 1.70008 1.69005 1.68342 1.68004 1.68272 1.68720 1.69912 1.71455 1.72780 1.73297
1.74061 1.74192 1.74776 1.74134 1.72452 1.71052 1.69965 1.69395 1.69060 1.69300 1.69819 1.71086 1.72559 1.73523 1.73848
1.74536 1.74996 1.75533 1.74973 1.73515 1.72198 1.70963 1.70384 1.70048 1.70482 1.71114 1.72466 1.73671 1.74319 1.74419
1.74996 1.75761 1.76309 1.75681 1.74334 1.73169 1.72039 1.71495 1.71339 1.71662 1.72408 1.73777 1.74778 1.75121 1.74962
1.75540 1.76491 1.76866 1.76237 1.75228 1.74139 1.73145 1.72726 1.72539 1.73010 1.73679 1.74843 1.75699 1.75786 1.75449
1.76266 1.77161 1.77534 1.76855 1.76047 1.75005 1.74274 1.73762 1.73662 1.74093 1.74798 1.75762 1.76529 1.76372 1.75936
1.77042 1.77851 1.77932 1.77402 1.76689 1.75831 1.75309 1.74836 1.74783 1.75222 1.75773 1.76705 1.77323 1.77030 1.76681
1.77699 1.78401 1.78471 1.77966 1.77317 1.76641 1.76176 1.76095 1.75872 1.76102 1.76613 1.77401 1.78048 1.77729 1.77403
1.78408 1.79017 1.79029 1.78378 1.77905 1.77415 1.77177 1.77119 1.76935 1.76993 1.77485 1.78092 1.78607 1.78330 1.78055
1.79094 1.79529 1.79472 1.78868 1.78571 1.78166 1.78153 1.78027 1.77892 1.77815 1.78138 1.78622 1.79190 1.78991 1.78560
1.79591 1.79910 1.79881 1.79354 1.78962 1.78961 1.78867 1.78812 1.78815 1.78693 1.78773 1.79238 1.79733 1.79510 1.79167
1.80226 1.80430 1.80447 1.79886 1.79665 1.79651 1.79764 1.79601 1.79455 1.79590 1.79358 1.79777 1.80289 1.80213 1.79701
1.80781 1.80908 1.80816 1.80231 1.80150 1.80336 1.80350 1.80287 1.80309 1.80283 1.80187 1.80318 1.80816 1.80642 1.80188
1.81308 1.81384 1.81187 1.80748 1.80849 1.81051 1.81033 1.80996 1.81030 1.80941 1.80768 1.80871 1.81283 1.81149 1.80661
1.81757 1.81797 1.81517 1.81241 1.81395 1.81725 1.81727 1.81624 1.81705 1.81633 1.81422 1.81376 1.81757 1.81734 1.81211
1.82105 1.82316 1.82015 1.81766 1.81995 1.82350 1.82252 1.82144 1.82290 1.82264 1.82108 1.81869 1.82148 1.82189 1.81567
1.82492 1.82491 1.82214 1.82164 1.82632 1.82875 1.82773 1.82597 1.82719 1.82855 1.82730 1.82376 1.82536 1.82626 1.82104
1.82858 1.82979 1.82618 1.82525 1.83143 1.83301 1.83065 1.83056 1.83145 1.83379 1.83332 1.82902 1.82934 1.83010 1.82452
1.83331 1.83300 1.82920 1.83032 1.83493 1.83699 1.83397 1.83258 1.83335 1.83794 1.83760 1.83389 1.83251 1.83321 1.82850
1.83636 1.83474 1.83131 1.83326 1.83853 1.83940 1.83451 1.83494 1.83502 1.84034 1.84002 1.83676 1.83516 1.83559 1.83120
1.83885 1.83707 1.83418 1.83492 1.84035 1.84101 1.83462 1.83563 1.83555 1.84156 1.84210 1.83922 1.83565 1.83701 1.83273
1.77779 1.75019 1.70919 1.67923 1.65704 1.62520 1.60476 1.59207 1.58606 1.58897 1.59760 1.61670 1.65041 1.68633 1.73077
1.79064 1.77387 1.74361 1.71127 1.68740 1.66225 1.64059 1.62503 1.61959 1.62247 1.63088 1.65259 1.68406 1.71483 1.75853
1.79608 1.78208 1.76085 1.73627 1.70262 1.68021 1.66199 1.64597 1.63721 1.64148 1.65101 1.67049 1.69806 1.73287 1.77054
1.80078 1.78986 1.77260 1.75405 1.72196 1.69508 1.67922 1.66714 1.65975 1.66199 1.66794 1.68291 1.71099 1.75036 1.78015
1.80648 1.79683 1.78439 1.76939 1.73847 1.71087 1.69219 1.68404 1.67727 1.67964 1.68403 1.69693 1.72820 1.76398 1.78773
1.81126 1.80529 1.79409 1.78129 1.75463 1.73033 1.70769 1.69682 1.69035 1.69409 1.70068 1.71454 1.74727 1.77635 1.79496
1.81641 1.81377 1.80536 1.79272 1.77039 1.74957 1.72779 1.71432 1.70648 1.71189 1.72152 1.73685 1.76509 1.78698 1.80281
1.82265 1.82236 1.81484 1.80214 1.78199 1.76584 1.74652 1.73395 1.72846 1.73367 1.74298 1.75704 1.77944 1.79682 1.81108
1.82921 1.83114 1.82454 1.81215 1.79406 1.77935 1.76467 1.75169 1.74869 1.75304 1.76079 1.77267 1.79169 1.80637 1.81802
1.83713 1.83973 1.83444 1.82163 1.80487 1.79242 1.78022 1.76955 1.76448 1.76961 1.77622 1.78554 1.80313 1.81671 1.82688
1.84378 1.84712 1.84365 1.83003 1.81647 1.80402 1.79388 1.78305 1.78074 1.78314 1.78887 1.79740 1.81425 1.82686 1.83489
1.85226 1.85550 1.85154 1.83924 1.82710 1.81766 1.80590 1.79662 1.79490 1.79639 1.80088 1.80914 1.82502 1.83623 1.84327
1.85892 1.86265 1.85845 1.84629 1.83705 1.83030 1.81864 1.80831 1.80684 1.81108 1.81348 1.82125 1.83521 1.84447 1.85053
1.86450 1.86789 1.86581 1.85463 1.84688 1.84098 1.82877 1.81908 1.81815 1.82438 1.82600 1.83225 1.84556 1.85283 1.85669
1.87220 1.87454 1.87201 1.86161 1.85766 1.85214 1.84050 1.82916 1.82707 1.83655 1.83748 1.84246 1.85580 1.86261 1.86397
1.87778 1.88065 1.87784 1.86842 1.86583 1.86097 1.84737 1.84017 1.83992 1.84650 1.84925 1.85257 1.86542 1.87014 1.86991
1.88437 1.88450 1.88223 1.87434 1.87471 1.86968 1.85792 1.85000 1.84973 1.85613 1.85997 1.86151 1.87232 1.87688 1.87630
1.88831 1.88999 1.88638 1.88010 1.88288 1.87574 1.86656 1.85916 1.85784 1.86404 1.87056 1.86980 1.88026 1.88286 1.88258
1.89170 1.89557 1.89131 1.88633 1.89005 1.88325 1.87318 1.86508 1.86586 1.87269 1.87952 1.87653 1.88562 1.89036 1.88767
1.89667 1.89724 1.89448 1.89198 1.89616 1.88905 1.87838 1.87273 1.87141 1.87938 1.88713 1.88436 1.89025 1.89575 1.89323
1.89989 1.90232 1.89854 1.89693 1.90259 1.89435 1.88468 1.87886 1.87848 1.88520 1.89480 1.89194 1.89559 1.90094 1.89729
1.90442 1.90500 1.90065 1.90342 1.90618 1.89916 1.88702 1.88378 1.88214 1.89031 1.89983 1.89980 1.90029 1.90462 1.90083
1.90660 1.90683 1.90384 1.90735 1.90952 1.90302 1.88853 1.88902 1.88270 1.89552 1.90349 1.90444 1.90449 1.90812 1.90361
1.90887 1.90972 1.90642 1.90971 1.91192 1.90487 1.89142 1.89089 1.88596 1.89818 1.90553 1.90864 1.90640 1.91006 1.90571
1.80259 1.75887 1.70738 1.67694 1.65430 1.62339 1.60539 1.59294 1.58785 1.59152 1.60213 1.61805 1.64805 1.68422 1.73538
1.81982 1.78192 1.73458 1.69899 1.67743 1.64787 1.62640 1.61372 1.61003 1.61338 1.62068 1.64090 1.67214 1.70474 1.76195
1.83009 1.79427 1.75552 1.72249 1.69045 1.66747 1.64476 1.62925 1.62254 1.62539 1.63609 1.65759 1.68500 1.72363 1.77746
1.83923 1.80700 1.77136 1.74600 1.70767 1.68313 1.66582 1.65090 1.64310 1.64625 1.65367 1.67104 1.69731 1.74246 1.79011
1.85006 1.81870 1.78718 1.76636 1.72636 1.69688 1.68070 1.67100 1.66296 1.66608 1.67230 1.68555 1.71337 1.76116 1.80089
1.85896 1.83111 1.80001 1.78016 1.74540 1.71564 1.69468 1.68437 1.67928 1.68211 1.68731 1.69914 1.73336 1.77654 1.81263
1.86873 1.84296 1.81510 1.79493 1.76551 1.73726 1.71269 1.69915 1.69259 1.69619 1.70385 1.71991 1.75623 1.78985 1.82737
1.87821 1.85698 1.83073 1.80886 1.78155 1.75686 1.73278 1.71729 1.71206 1.71592 1.72525 1.74247 1.77537 1.80476 1.84073
1.88675 1.86854 1.84690 1.82551 1.79689 1.77642 1.75491 1.73668 1.73304 1.73832 1.74761 1.76233 1.79044 1.82017 1.85327
1.89710 1.87942 1.86162 1.83952 1.81240 1.79256 1.77510 1.76059 1.75373 1.75857 1.76650 1.77974 1.80517 1.83478 1.86596
1.90729 1.89274 1.87574 1.85302 1.82815 1.80888 1.79135 1.77641 1.77310 1.77735 1.78356 1.79337 1.81930 1.84914 1.87745
1.91651 1.90317 1.89047 1.86691 1.84320 1.82563 1.80865 1.79490 1.79063 1.79308 1.79789 1.80888 1.83416 1.86268 1.88809
1.92634 1.91432 1.90212 1.87820 1.85975 1.84413 1.82424 1.80878 1.80584 1.81030 1.81434 1.82512 1.84827 1.87312 1.89854
1.93278 1.92488 1.91262 1.89082 1.87295 1.85939 1.83702 1.82120 1.81938 1.82772 1.83069 1.83995 1.86407 1.88555 1.90855
1.94197 1.93403 1.92270 1.90104 1.88768 1.87257 1.85099 1.83676 1.83149 1.84339 1.84788 1.85534 1.87733 1.89705 1.91822
1.94890 1.94205 1.93188 1.91106 1.89831 1.88426 1.86115 1.84835 1.84594 1.85611 1.86306 1.86932 1.88936 1.91053 1.92659
1.95552 1.94915 1.93956 1.92110 1.91130 1.89472 1.87336 1.86130 1.85932 1.86757 1.87733 1.88130 1.90169 1.91952 1.93495
1.96082 1.95660 1.94704 1.92991 1.92185 1.90399 1.88438 1.87189 1.86879 1.87902 1.88934 1.89149 1.91326 1.92945 1.94225
1.96715 1.96305 1.95305 1.93771 1.93108 1.91461 1.89300 1.87954 1.87945 1.88915 1.90166 1.90312 1.92406 1.93784 1.94943
1.97221 1.96744 1.95642 1.94659 1.93921 1.92227 1.90041 1.88970 1.88723 1.89885 1.91369 1.91413 1.93189 1.94614 1.95575
1.97709 1.97466 1.96217 1.95311 1.94692 1.92951 1.91011 1.89943 1.89748 1.90765 1.92354 1.92551 1.93834 1.95262 1.96228
1.98161 1.97865 1.96812 1.96070 1.95177 1.93506 1.91431 1.90883 1.90402 1.91631 1.93064 1.93389 1.94462 1.95944 1.96659
1.98525 1.98231 1.97284 1.96636 1.95655 1.94207 1.91712 1.91749 1.90485 1.92516 1.93531 1.94191 1.95061 1.96462 1.97091
1.98862 1.98477 1.97601 1.96973 1.96175 1.94737 1.92350 1.92280 1.91100 1.92906 1.93909 1.94650 1.95567 1.96800 1.97390
1.82324 1.77655 1.72905 1.69558 1.67854 1.65562 1.63758 1.62610 1.62213 1.62571 1.63702 1.65427 1.67645 1.70235 1.75538
1.83928 1.79183 1.74845 1.71234 1.68981 1.66945 1.65250 1.63812 1.63390 1.63907 1.64995 1.66741 1.68654 1.71803 1.77327
1.85224 1.80430 1.76639 1.73645 1.70222 1.68188 1.66671 1.65331 1.64911 1.65217 1.66246 1.67843 1.69771 1.73664 1.78706
1.86360 1.81860 1.78146 1.75835 1.72085 1.69400 1.68026 1.67011 1.66563 1.66784 1.67472 1.68681 1.71075 1.75408 1.80028
1.88005 1.83278 1.79506 1.77564 1.73979 1.70942 1.69177 1.68391 1.67899 1.68087 1.68566 1.69760 1.72753 1.77092 1.81258
1.89327 1.84924 1.80863 1.78867 1.75704 1.72928 1.70664 1.69442 1.68965 1.69261 1.69890 1.71421 1.74740 1.78512 1.82617
1.90856 1.86115 1.82547 1.80323 1.77451 1.74975 1.72617 1.71176 1.70357 1.70831 1.71853 1.73594 1.76742 1.79910 1.84449
1.92150 1.87830 1.84438 1.81727 1.78885 1.76682 1.74523 1.73070 1.72600 1.73021 1.73995 1.75625 1.78483 1.81384 1.86143
1.93301 1.89169 1.86206 1.83516 1.80460 1.78527 1.76516 1.75087 1.74694 1.75130 1.76076 1.77366 1.79802 1.83171 1.87652
1.94556 1.90761 1.87842 1.85177 1.82239 1.79957 1.78339 1.77180 1.76681 1.76779 1.77615 1.78868 1.81352 1.84904 1.89228
1.95873 1.92222 1.89527 1.86882 1.83970 1.81908 1.79929 1.78922 1.78332 1.78572 1.79188 1.80164 1.82786 1.86352 1.90590
1.96812 1.93711 1.91520 1.88514 1.85679 1.83731 1.81903 1.80474 1.79988 1.80132 1.80737 1.81928 1.84425 1.87852 1.92109
1.98289 1.94986 1.93114 1.90012 1.87413 1.85856 1.83732 1.82320 1.81636 1.82051 1.82503 1.83322 1.86137 1.89354 1.93262
1.99236 1.96328 1.94370 1.91518 1.89056 1.87428 1.85291 1.83644 1.83138 1.83876 1.84218 1.85157 1.87737 1.90766 1.94546
2.00451 1.97707 1.95669 1.92822 1.90674 1.88669 1.86823 1.85148 1.84611 1.85509 1.85997 1.86793 1.89246 1.92097 1.95678
2.01475 1.98918 1.97005 1.94145 1.92070 1.90189 1.87656 1.86569 1.86128 1.86973 1.87620 1.88205 1.90782 1.93487 1.96711
2.02515 2.00167 1.98169 1.95355 1.93497 1.91298 1.88993 1.87849 1.87513 1.88270 1.88789 1.89668 1.92210 1.94667 1.97715
2.03491 2.01490 1.99409 1.96545 1.94629 1.92624 1.90394 1.89010 1.88586 1.89491 1.90321 1.90971 1.93654 1.95832 1.98706
2.04493 2.02832 2.00479 1.97547 1.95681 1.93807 1.91376 1.89903 1.89573 1.90662 1.91914 1.92293 1.94751 1.96981 1.99804
2.05027 2.03486 2.01196 1.98432 1.96731 1.94510 1.92416 1.91139 1.90882 1.91755 1.93109 1.93475 1.95801 1.98054 2.00861
2.05890 2.04604 2.01998 1.99570 1.97688 1.95321 1.93225 1.92354 1.91915 1.92817 1.94265 1.94576 1.96674 1.99045 2.01863
2.06422 2.05400 2.03068 2.00683 1.98460 1.96245 1.93922 1.93467 1.92670 1.93824 1.95119 1.95775 1.97471 2.00047 2.02814
2.07116 2.05991 2.03985 2.01795 1.99208 1.97275 1.94228 1.94511 1.92707 1.94656 1.95694 1.96629 1.98328 2.00925 2.03491
2.07692 2.06353 2.04758 2.02444 2.00208 1.98032 1.95348 1.95784 1.93856 1.95374 1.96290 1.97177 1.99120 2.01718 2.04015
1.82536 1.78355 1.74603 1.71316 1.69317 1.67878 1.66837 1.65987 1.65780 1.66074 1.67036 1.68081 1.69384 1.72096 1.76546
1.83919 1.79397 1.76014 1.72799 1.70241 1.68495 1.67535 1.66618 1.66448 1.66781 1.67508 1.68552 1.70172 1.73375 1.77892
1.85149 1.80669 1.77451 1.74808 1.71618 1.69358 1.68334 1.67623 1.67392 1.67596 1.68219 1.69238 1.71506 1.75018 1.78920
1.86351 1.81930 1.78691 1.76640 1.73599 1.70760 1.69330 1.68604 1.68360 1.68436 1.68844 1.70083 1.72936 1.76413 1.80221
1.88087 1.83213 1.79979 1.78159 1.75280 1.72501 1.70584 1.69672 1.69203 1.69362 1.69820 1.71383 1.74470 1.77739 1.81405
1.89407 1.85068 1.81293 1.79332 1.76704 1.74497 1.72301 1.70981 1.70390 1.70750 1.71480 1.73159 1.76121 1.79027 1.82694
1.91251 1.86094 1.82821 1.80662 1.78066 1.76121 1.74254 1.72839 1.72165 1.72626 1.73425 1.75175 1.77705 1.80367 1.84438
1.92579 1.87932 1.84526 1.81980 1.79458 1.77554 1.75790 1.74776 1.74302 1.74609 1.75381 1.76789 1.79022 1.81676 1.86060
1.93861 1.89195 1.86258 1.83529 1.80781 1.79130 1.77638 1.76547 1.76172 1.76503 1.77074 1.78167 1.80292 1.83333 1.87565
1.95134 1.90988 1.87737 1.85223 1.82495 1.80498 1.79208 1.78237 1.77804 1.77796 1.78418 1.79483 1.81588 1.85037 1.89219
1.96575 1.92402 1.89379 1.87004 1.84170 1.82250 1.80832 1.79781 1.79275 1.79407 1.79717 1.80697 1.83089 1.86479 1.90614
1.97827 1.93900 1.91377 1.88419 1.85795 1.84189 1.82509 1.81318 1.80972 1.80897 1.81259 1.82330 1.84653 1.87976 1.92033
1.99351 1.95287 1.92955 1.89876 1.87488 1.86303 1.84462 1.83079 1.82463 1.82713 1.82926 1.83624 1.86108 1.89386 1.93253
2.00667 1.96699 1.94405 1.91547 1.89045 1.87688 1.85790 1.84321 1.83952 1.84491 1.84593 1.85411 1.87707 1.90718 1.94840
2.02005 1.98203 1.95911 1.92768 1.90519 1.88821 1.87421 1.85825 1.85377 1.86122 1.86242 1.86863 1.89258 1.92289 1.96001
2.03102 1.99610 1.97222 1.94165 1.91931 1.90426 1.88134 1.87237 1.86831 1.87352 1.87759 1.88324 1.90766 1.93505 1.97056
2.04337 2.01000 1.98512 1.95440 1.93446 1.91506 1.89468 1.88435 1.88004 1.88548 1.88827 1.89532 1.92179 1.94666 1.98270
2.05385 2.02686 2.00043 1.96521 1.94373 1.92877 1.90892 1.89733 1.89123 1.89825 1.90382 1.90892 1.93504 1.95988 1.99276
2.06401 2.04139 2.01288 1.97745 1.95718 1.93955 1.92107 1.90808 1.90398 1.91111 1.91948 1.92054 1.94568 1.97137 2.00561
2.07102 2.04954 2.02085 1.98499 1.96791 1.94743 1.93104 1.92014 1.91645 1.92099 1.93115 1.93334 1.95754 1.98147 2.01778
2.08236 2.05926 2.03085 1.99799 1.97735 1.95593 1.93900 1.93219 1.92726 1.93152 1.94374 1.94410 1.96677 1.99264 2.02890
2.08952 2.07082 2.04084 2.01159 1.98591 1.96824 1.94831 1.94508 1.93575 1.94129 1.95151 1.95582 1.97479 2.00254 2.03819
2.10148 2.07892 2.05026 2.02500 1.99461 1.97731 1.95134 1.95395 1.93759 1.95176 1.95718 1.96464 1.98233 2.01324 2.04667
2.11043 2.08474 2.05908 2.03170 2.00592 1.98760 1.96187 1.96126 1.94738 1.95984 1.96431 1.97109 1.99147 2.02193 2.05187
1.87519 1.83329 1.80461 1.78544 1.76958 1.75227 1.73846 1.73114 1.73042 1.73473 1.74582 1.75745 1.77089 1.78769 1.81799
1.88608 1.84253 1.81361 1.79358 1.77668 1.76022 1.74668 1.73683 1.73745 1.74004 1.74882 1.76325 1.77598 1.79488 1.82794
1.89688 1.85601 1.82440 1.80420 1.78671 1.76993 1.75782 1.74659 1.74628 1.74868 1.75787 1.77037 1.78593 1.80503 1.83764
1.90994 1.86939 1.83729 1.81763 1.79693 1.78154 1.76864 1.75883 1.75728 1.75997 1.76732 1.77947 1.79437 1.81564 1.85025
1.92747 1.88181 1.85072 1.83188 1.80800 1.79314 1.78093 1.77196 1.76782 1.77187 1.77824 1.78998 1.80439 1.82735 1.86401
1.93907 1.89819 1.86428 1.84539 1.82036 1.80339 1.79222 1.78366 1.77935 1.78187 1.78805 1.79764 1.81487 1.84111 1.87608
1.95718 1.91016 1.87875 1.86046 1.83404 1.81498 1.80427 1.79565 1.79181 1.79363 1.79757 1.80999 1.82924 1.85549 1.89174
1.97005 1.92656 1.89407 1.87597 1.84794 1.82805 1.81910 1.81169 1.80519 1.80591 1.80976 1.82232 1.84226 1.87043 1.90786
1.98235 1.93976 1.91315 1.88812 1.86323 1.84612 1.83512 1.82435 1.82098 1.82063 1.82407 1.83484 1.85893 1.88438 1.92364
1.99791 1.95724 1.92946 1.90474 1.87653 1.86414 1.85336 1.84187 1.83667 1.83428 1.83777 1.84907 1.87038 1.89972 1.93855
2.01456 1.96937 1.94559 1.92141 1.89331 1.87878 1.86986 1.86009 1.85401 1.85257 1.85193 1.86285 1.88462 1.91486 1.95323
2.03099 1.98509 1.95947 1.93452 1.90938 1.89646 1.88506 1.87483 1.87097 1.86985 1.86815 1.87729 1.89999 1.92892 1.96356
2.04581 1.99859 1.97590 1.94873 1.92543 1.91464 1.89985 1.88844 1.88351 1.88437 1.88261 1.88967 1.91437 1.94277 1.97876
2.05846 2.01711 1.99059 1.96209 1.94011 1.92739 1.91403 1.90214 1.89741 1.90129 1.89776 1.90544 1.92811 1.95601 1.99417
2.06975 2.03516 2.00679 1.97542 1.95208 1.93958 1.92827 1.91436 1.91058 1.91656 1.91658 1.92204 1.94430 1.96941 2.00866
2.08092 2.05029 2.02174 1.98866 1.96425 1.95274 1.93851 1.92782 1.92507 1.92798 1.92869 1.93751 1.95842 1.98033 2.02080
2.08900 2.06230 2.03871 2.00264 1.97834 1.96381 1.95014 1.94082 1.93593 1.93952 1.93978 1.94813 1.96902 1.99397 2.03558
2.10400 2.07346 2.05201 2.01369 1.99039 1.97707 1.96384 1.95378 1.94854 1.95175 1.95207 1.95980 1.98107 2.01029 2.04625
2.11552 2.08741 2.06329 2.03017 2.00288 1.98886 1.97457 1.96296 1.96151 1.96468 1.96543 1.97023 1.99569 2.02344 2.05649
2.12335 2.09918 2.06938 2.04257 2.01900 2.00039 1.98530 1.97543 1.97088 1.97383 1.97845 1.98165 2.00620 2.03598 2.06689
2.13590 2.11024 2.07876 2.05208 2.03140 2.01256 1.99606 1.98676 1.98386 1.98621 1.98898 1.99163 2.01808 2.04672 2.07572
2.14334 2.12176 2.08790 2.06150 2.04403 2.02662 2.00519 1.99992 1.99068 1.99611 1.99991 2.00334 2.02902 2.05453 2.08537
2.15345 2.13087 2.10033 2.07181 2.05201 2.03681 2.00776 2.00944 1.99336 2.01091 2.00868 2.01561 2.03839 2.06393 2.09380
2.16077 2.13817 2.10965 2.07865 2.06195 2.04789 2.01810 2.02136 2.00320 2.02006 2.02086 2.02215 2.04648 2.06911 2.09994
1.93458 1.89495 1.86969 1.84930 1.83672 1.82331 1.81601 1.81434 1.81487 1.81880 1.82861 1.83400 1.83909 1.85273 1.88271
1.94313 1.90449 1.87710 1.85993 1.84102 1.82751 1.82080 1.81372 1.81741 1.82014 1.82797 1.83687 1.84275 1.85997 1.88967
1.95350 1.91619 1.88846 1.87281 1.85295 1.83493 1.82603 1.82029 1.82220 1.82462 1.83005 1.84058 1.85180 1.87033 1.89857
1.96532 1.92985 1.90152 1.88263 1.86292 1.84688 1.83426 1.82944 1.82794 1.82966 1.83700 1.84810 1.86124 1.88140 1.91168
1.98052 1.94200 1.91369 1.89607 1.87337 1.85850 1.84588 1.84141 1.83676 1.83886 1.84343 1.85843 1.87083 1.89125 1.92464
1.99293 1.95596 1.92653 1.90869 1.88383 1.86932 1.86241 1.85441 1.84850 1.84832 1.85443 1.86765 1.88055 1.90489 1.93582
2.01497 1.96816 1.94092 1.92090 1.89705 1.88005 1.87520 1.86896 1.86261 1.85981 1.86651 1.87790 1.89276 1.91851 1.94975
2.02923 1.98318 1.95422 1.93450 1.91002 1.89273 1.88723 1.88230 1.87590 1.87467 1.87763 1.88850 1.90915 1.93327 1.96543
2.04329 1.99704 1.97165 1.94773 1.92622 1.91168 1.90202 1.89479 1.88960 1.88535 1.88761 1.90224 1.92233 1.94464 1.97931
2.05747 2.01779 1.98582 1.96217 1.94026 1.92613 1.91780 1.91002 1.90601 1.90185 1.90262 1.91528 1.93453 1.96096 1.99416
2.07258 2.03285 2.00312 1.97593 1.95452 1.94036 1.93316 1.92359 1.92051 1.91753 1.91806 1.92714 1.94774 1.97388 2.01090
2.08546 2.04882 2.02187 1.99094 1.96615 1.95475 1.94554 1.93670 1.93393 1.93076 1.93047 1.94051 1.96154 1.98816 2.02401
2.10094 2.06010 2.03880 2.00780 1.98096 1.96887 1.95933 1.95058 1.94769 1.94518 1.94589 1.95229 1.97361 2.00207 2.04265
2.11332 2.07525 2.05405 2.02487 1.99762 1.98226 1.97140 1.96199 1.95844 1.95859 1.95735 1.96706 1.98819 2.01710 2.05473
2.12691 2.08939 2.06662 2.03810 2.01257 1.99580 1.98527 1.97519 1.97082 1.97195 1.97364 1.98202 2.00208 2.03395 2.06695
2.13653 2.10291 2.07942 2.05220 2.02495 2.01143 1.99952 1.98828 1.98358 1.98347 1.98520 1.99522 2.02214 2.04561 2.07794
2.14449 2.11628 2.09496 2.06424 2.03983 2.02883 2.01469 2.00485 1.99792 1.99657 1.99685 2.00764 2.03695 2.06018 2.09018
2.15547 2.12892 2.10778 2.07279 2.05328 2.04380 2.03166 2.02340 2.01237 2.01232 2.01011 2.02142 2.04727 2.06893 2.10153
2.16400 2.14221 2.12013 2.08408 2.06372 2.05503 2.04495 2.03578 2.03271 2.02965 2.02832 2.03562 2.05969 2.07872 2.11406
2.17351 2.14994 2.12598 2.09459 2.07652 2.06631 2.05469 2.04774 2.04319 2.04281 2.04482 2.04755 2.06773 2.09174 2.12426
2.18454 2.16165 2.13400 2.10735 2.09054 2.07433 2.06647 2.05748 2.05430 2.05527 2.05300 2.05541 2.07544 2.10030 2.13344
2.19269 2.17117 2.14358 2.11833 2.10201 2.08606 2.07215 2.06762 2.05964 2.06286 2.06357 2.06623 2.08542 2.11202 2.14093
2.20336 2.17690 2.15237 2.12869 2.11095 2.09600 2.07626 2.07694 2.06418 2.07395 2.07306 2.07421 2.09297 2.12009 2.14726
2.21191 2.18674 2.15986 2.13552 2.12275 2.10561 2.08179 2.08465 2.07249 2.08225 2.08255 2.07891 2.10065 2.12695 2.15274
2.00627 1.96934 1.94520 1.93189 1.92265 1.91163 1.90776 1.91082 1.91383 1.91860 1.92958 1.93192 1.92794 1.93565 1.95804
2.01535 1.97720 1.95196 1.93718 1.92427 1.91404 1.91035 1.90883 1.91406 1.91767 1.92514 1.93022 1.93015 1.93962 1.96389
2.02776 1.98699 1.96432 1.94695 1.93121 1.92174 1.91331 1.91320 1.91295 1.91766 1.92433 1.93153 1.93442 1.94851 1.97301
2.04222 2.00050 1.97567 1.95780 1.93959 1.92778 1.92213 1.91996 1.91847 1.92115 1.92610 1.93489 1.94069 1.95923 1.98413
2.05487 2.01498 1.98525 1.97017 1.94988 1.93771 1.93057 1.92736 1.92558 1.92591 1.92920 1.94055 1.94843 1.96815 1.99484
2.06516 2.03089 1.99831 1.98182 1.95973 1.94654 1.94139 1.93659 1.93209 1.93196 1.93653 1.94627 1.95797 1.97846 2.00880
2.08459 2.04428 2.01754 1.99422 1.96916 1.95912 1.95259 1.94686 1.94247 1.94051 1.94552 1.95583 1.96832 1.99121 2.02434
2.09642 2.05979 2.03197 2.00547 1.98359 1.97060 1.96296 1.95619 1.95236 1.95270 1.95397 1.96542 1.98369 2.00449 2.04150
2.11288 2.07247 2.04864 2.02461 1.99680 1.98369 1.97579 1.96881 1.96590 1.96430 1.96699 1.97803 1.99235 2.02226 2.05573
2.12683 2.08839 2.06182 2.04072 2.01689 1.99601 1.98740 1.98183 1.97861 1.97714 1.97801 1.98779 2.00842 2.04050 2.06884
2.13833 2.10270 2.07658 2.05541 2.03458 2.01236 2.00385 1.99267 1.98991 1.98957 1.99122 1.99995 2.02527 2.05258 2.08255
2.15060 2.11714 2.09242 2.06651 2.04517 2.03469 2.01866 2.00943 2.00714 2.00250 2.00463 2.01840 2.03984 2.06489 2.09581
2.16433 2.13071 2.10919 2.08130 2.05991 2.04707 2.04050 2.02977 2.02607 2.02107 2.02579 2.03462 2.05258 2.07729 2.11118
2.17405 2.14200 2.12132 2.09609 2.07152 2.05988 2.05147 2.04560 2.04095 2.04009 2.03859 2.04979 2.06568 2.08885 2.12419
2.18623 2.15437 2.13495 2.10950 2.08932 2.07489 2.06437 2.05562 2.05197 2.05140 2.05275 2.06034 2.07814 2.10287 2.13629
2.19448 2.16476 2.14725 2.12244 2.09736 2.08939 2.07941 2.06745 2.06309 2.06383 2.06309 2.07217 2.09484 2.11552 2.14685
2.20428 2.17628 2.15609 2.13422 2.11309 2.10337 2.09271 2.08376 2.07945 2.07823 2.07531 2.08471 2.10881 2.12977 2.15599
2.21297 2.18883 2.16843 2.14187 2.12785 2.11728 2.10661 2.09825 2.09281 2.09388 2.08761 2.09557 2.12072 2.13897 2.16478
2.22134 2.20242 2.17927 2.15359 2.13919 2.12833 2.11870 2.10869 2.10480 2.10234 2.10277 2.10868 2.13222 2.14810 2.17525
2.22982 2.20885 2.18739 2.15889 2.15252 2.14218 2.12478 2.11550 2.11654 2.11939 2.11999 2.12247 2.14066 2.15635 2.18334
2.23671 2.22006 2.19440 2.17047 2.16520 2.14806 2.13546 2.12770 2.12446 2.12808 2.13169 2.13248 2.14888 2.16483 2.19420
2.24650 2.22785 2.20295 2.18299 2.17231 2.15435 2.14005 2.13573 2.12968 2.13548 2.14050 2.14135 2.15456 2.17423 2.20059
2.25440 2.23461 2.21368 2.19211 2.17812 2.16249 2.14337 2.14332 2.13180 2.14419 2.14927 2.14873 2.16192 2.18068 2.20760
2.26164 2.24090 2.22082 2.20204 2.18765 2.16711 2.14812 2.14769 2.14045 2.14980 2.15509 2.15436 2.16860 2.18902 2.21216
2.61837 2.81469 2.95183 3.08116 3.08489 3.09597 3.06749 3.00727 2.92328 2.85347 2.76922 2.70205 2.55938 2.41595 2.23760
2.45359 2.63572 2.76739 2.87217 2.88221 2.88246 2.85974 2.81188 2.75013 2.68944 2.60711 2.54259 2.41131 2.28634 2.09811
2.38263 2.54969 2.68966 2.78614 2.79490 2.79955 2.79309 2.75316 2.69130 2.62829 2.54294 2.47584 2.36915 2.23419 2.06190
2.31343 2.46901 2.62278 2.71046 2.72775 2.74498 2.73425 2.69840 2.63429 2.56046 2.48382 2.42384 2.33292 2.20086 2.01598
2.24528 2.40564 2.56429 2.65884 2.67102 2.68694 2.68239 2.63828 2.58154 2.51174 2.44186 2.37134 2.29920 2.15950 1.97410
2.18630 2.35783 2.51939 2.60847 2.61621 2.62775 2.62502 2.58265 2.53379 2.46686 2.39676 2.33847 2.25865 2.13441 1.92959
2.13213 2.32576 2.46764 2.55162 2.55398 2.57003 2.56885 2.53461 2.48152 2.42326 2.35451 2.29197 2.22498 2.10657 1.87440
2.08471 2.28229 2.41637 2.49015 2.50690 2.51345 2.51209 2.49385 2.44049 2.38333 2.31643 2.24298 2.18556 2.07512 1.82024
2.03543 2.23473 2.37409 2.43848 2.45235 2.46559 2.48039 2.45899 2.40202 2.33943 2.28263 2.20874 2.15202 2.02333 1.77792
1.98995 2.19230 2.33198 2.39554 2.40510 2.42467 2.44340 2.41998 2.37317 2.30652 2.24235 2.17007 2.11740 1.97926 1.76167
1.93660 2.15767 2.28573 2.35170 2.36715 2.39044 2.40591 2.39691 2.33899 2.27270 2.20564 2.14011 2.08076 1.95431 1.74604
1.89410 2.11920 2.25174 2.30839 2.32836 2.35509 2.37747 2.36711 2.30916 2.24194 2.17291 2.10480 2.03808 1.92617 1.71184
1.85114 2.09111 2.21362 2.26234 2.28554 2.31866 2.34827 2.34418 2.29532 2.21174 2.14144 2.06971 1.99734 1.89173 1.68573
1.80659 2.05944 2.17158 2.21495 2.24721 2.29066 2.32991 2.33018 2.28396 2.18652 2.10375 2.02852 1.95216 1.84180 1.66894
1.77924 2.01845 2.13187 2.17982 2.22283 2.27262 2.31382 2.31436 2.26853 2.18065 2.07778 1.99561 1.91224 1.82072 1.65623
1.76135 1.98725 2.09467 2.14985 2.19163 2.24608 2.30348 2.30084 2.25672 2.16271 2.06804 1.97584 1.87133 1.78203 1.63799
1.72751 1.94102 2.05902 2.12260 2.17349 2.22649 2.28425 2.27976 2.23630 2.15178 2.04520 1.93867 1.83427 1.73795 1.61568
1.69444 1.91440 2.01973 2.08821 2.14760 2.21278 2.26030 2.26263 2.21653 2.13650 2.03334 1.90627 1.79698 1.70945 1.59776
1.65518 1.86467 1.98560 2.06993 2.12682 2.19543 2.25114 2.26533 2.21385 2.11974 2.00886 1.89262 1.75829 1.68611 1.58498
1.63968 1.82362 1.95457 2.04867 2.10910 2.18472 2.25624 2.26653 2.21887 2.11520 1.99242 1.86840 1.73930 1.65848 1.56138
1.60445 1.79600 1.93297 2.02769 2.08989 2.17307 2.25124 2.25067 2.20953 2.11106 1.96200 1.84428 1.72733 1.62829 1.53318
1.58432 1.75087 1.90310 1.99718 2.07609 2.16399 2.25385 2.24292 2.20737 2.09843 1.95801 1.80587 1.69679 1.60539 1.50612
1.56010 1.72350 1.86713 1.96961 2.07077 2.15819 2.26634 2.23128 2.22436 2.09541 1.94653 1.77217 1.65858 1.57763 1.48477
1.52734 1.68577 1.82872 1.95470 2.05724 2.14578 2.25701 2.22713 2.21158 2.08415 1.92552 1.75132 1.63227 1.55364 1.46162
3.02660 3.27620 3.47351 3.61395 3.62759 3.64046 3.61111 3.54474 3.44978 3.34634 3.22806 3.13849 2.97198 2.81191 2.61801
2.87259 3.07744 3.27369 3.43535 3.44825 3.45405 3.42425 3.35973 3.24996 3.14911 3.05965 2.98434 2.83798 2.70113 2.50694
2.80454 2.99176 3.16410 3.32191 3.33920 3.34490 3.34167 3.26951 3.17492 3.08844 2.99499 2.91924 2.79758 2.65624 2.48342
2.73586 2.90534 3.07798 3.20122 3.22807 3.26121 3.24828 3.18812 3.10578 3.02453 2.93137 2.86465 2.76423 2.62107 2.45027
2.66267 2.83788 3.01597 3.13389 3.14468 3.16892 3.16679 3.11234 3.04803 2.96768 2.88556 2.80865 2.73031 2.58016 2.42211
2.60068 2.78723 2.96985 3.06331 3.07444 3.09329 3.09619 3.04598 2.99795 2.91886 2.84163 2.77355 2.68705 2.55459 2.38896
2.54723 2.75470 2.91276 3.00594 3.00973 3.03258 3.03445 2.99620 2.94132 2.87126 2.79640 2.72318 2.65231 2.52735 2.35492
2.50619 2.70858 2.85363 2.94092 2.95952 2.97295 2.97415 2.95103 2.89665 2.82993 2.75395 2.67471 2.61118 2.49713 2.31781
2.46585 2.65612 2.80979 2.88637 2.90143 2.92209 2.93482 2.91543 2.85432 2.78527 2.71818 2.64003 2.57399 2.45541 2.28915
2.43085 2.61210 2.75913 2.83307 2.84972 2.87520 2.89481 2.87250 2.81844 2.74508 2.67993 2.59701 2.53968 2.42306 2.27877
2.39197 2.57374 2.71186 2.78473 2.80686 2.83866 2.85404 2.84550 2.77915 2.71291 2.63880 2.56268 2.50722 2.40502 2.26746
2.36173 2.53900 2.67453 2.73820 2.76634 2.79653 2.81996 2.81366 2.75230 2.67695 2.60323 2.53154 2.46693 2.38580 2.24487
2.33239 2.51011 2.63622 2.68925 2.71876 2.75354 2.78826 2.78887 2.73210 2.64311 2.56678 2.49566 2.43622 2.36396 2.22954
2.30370 2.48131 2.58781 2.64443 2.67698 2.72325 2.76588 2.76762 2.72152 2.61687 2.53381 2.46501 2.40199 2.33486 2.21183
2.28355 2.44915 2.55490 2.60302 2.65298 2.70373 2.74621 2.75324 2.70223 2.61188 2.51307 2.43599 2.37411 2.32093 2.20781
2.27392 2.42840 2.51704 2.57645 2.61953 2.67892 2.73743 2.73133 2.68632 2.59543 2.49998 2.42073 2.35622 2.29859 2.19410
2.25496 2.39410 2.48628 2.55189 2.60421 2.66566 2.71848 2.71247 2.67332 2.58600 2.48411 2.39572 2.33371 2.27159 2.18182
2.23016 2.37374 2.45728 2.52216 2.58024 2.64543 2.69550 2.69629 2.64997 2.57435 2.47325 2.37783 2.30558 2.25831 2.16377
2.20707 2.34460 2.42290 2.50480 2.56177 2.63212 2.68834 2.69706 2.65395 2.56058 2.45707 2.36730 2.28410 2.23902 2.15279
2.19211 2.31957 2.40641 2.48498 2.54898 2.62494 2.69108 2.70304 2.65686 2.55963 2.44318 2.35291 2.27225 2.20959 2.13658
2.16952 2.30080 2.38793 2.46717 2.53313 2.61285 2.68451 2.68529 2.65158 2.55673 2.42221 2.33896 2.25995 2.19229 2.11367
2.15151 2.27465 2.36671 2.44553 2.52010 2.60489 2.69035 2.67630 2.64587 2.54343 2.41647 2.31417 2.24291 2.17263 2.09344
2.13065 2.25819 2.34452 2.42345 2.51851 2.59952 2.69786 2.66694 2.65837 2.54007 2.41482 2.29456 2.21497 2.15466 2.07604
2.10803 2.23121 2.31930 2.41022 2.50417 2.58732 2.68704 2.65910 2.64544 2.52481 2.39729 2.28228 2.19488 2.13080 2.05787
3.45951 3.70039 3.89791 4.07654 4.09658 4.11411 4.06906 3.98471 3.88042 3.78516 3.66772 3.58133 3.41219 3.21357 2.95599
3.33082 3.54877 3.73013 3.88200 3.89948 3.91033 3.87895 3.81808 3.73423 3.64340 3.53911 3.46167 3.29657 3.10210 2.85408
3.24940 3.46964 3.64069 3.77170 3.79128 3.80459 3.80228 3.74696 3.67108 3.58229 3.48446 3.39733 3.25022 3.04132 2.83383
3.15489 3.38279 3.55638 3.67581 3.70527 3.73915 3.73041 3.68485 3.60187 3.51651 3.41832 3.34536 3.20696 2.99288 2.80048
3.04579 3.30238 3.49673 3.61869 3.63724 3.66630 3.66618 3.60664 3.54202 3.45831 3.37009 3.27976 3.16245 2.94713 2.77350
2.96457 3.24020 3.44689 3.54726 3.56496 3.59271 3.59268 3.53936 3.48806 3.40649 3.32107 3.23225 3.09940 2.91598 2.74199
2.90313 3.19920 3.39127 3.48592 3.50026 3.52518 3.52785 3.48509 3.43276 3.35736 3.27401 3.16843 3.04352 2.88589 2.70795
2.85837 3.13097 3.32553 3.42163 3.44097 3.46112 3.46193 3.43661 3.38594 3.31747 3.22190 3.09021 2.98990 2.85707 2.67225
2.81791 3.04965 3.27630 3.37026 3.38656 3.40648 3.41600 3.40173 3.33909 3.26329 3.16234 3.03389 2.94293 2.81901 2.64524
2.78233 2.99273 3.21481 3.30983 3.33202 3.35977 3.37999 3.35794 3.29916 3.21216 3.10850 2.97494 2.90634 2.78661 2.63684
2.74591 2.94179 3.15776 3.25487 3.28301 3.32204 3.33744 3.32673 3.25770 3.16704 3.04340 2.93353 2.87025 2.77077 2.62384
2.71884 2.90642 3.10456 3.20132 3.24060 3.27514 3.30007 3.29446 3.22896 3.11063 2.99320 2.90189 2.83628 2.74768 2.60057
2.68929 2.87545 3.04495 3.13527 3.18023 3.22710 3.26387 3.26530 3.19722 3.06619 2.94699 2.87011 2.80412 2.72866 2.58471
2.66161 2.84685 2.97956 3.06139 3.12200 3.18761 3.23773 3.23940 3.18307 3.02906 2.91386 2.84240 2.76923 2.69633 2.56813
2.64022 2.81433 2.93777 3.01285 3.08869 3.16265 3.21517 3.22330 3.16207 3.02990 2.89410 2.80929 2.74024 2.67809 2.56380
2.63005 2.78936 2.89189 2.97017 3.04301 3.13649 3.20854 3.20117 3.14449 3.00929 2.88115 2.79029 2.71668 2.65458 2.55139
2.60958 2.75192 2.85305 2.94089 3.02178 3.11944 3.18852 3.17720 3.13535 3.00072 2.85958 2.76509 2.69856 2.63111 2.54103
2.58475 2.73488 2.82120 2.90196 2.99094 3.09321 3.16293 3.16943 3.10972 2.99068 2.84748 2.74748 2.66457 2.61576 2.52286
2.56274 2.70240 2.78611 2.87737 2.95413 3.07575 3.15327 3.16600 3.11680 2.96652 2.83025 2.73785 2.64463 2.59724 2.51135
2.54651 2.68069 2.76927 2.85409 2.94393 3.06105 3.16115 3.16055 3.11318 2.97058 2.81417 2.72247 2.63025 2.56482 2.49672
2.52544 2.65599 2.74957 2.83427 2.92076 3.05410 3.14365 3.14167 3.09891 2.96773 2.79137 2.70414 2.61812 2.54921 2.47845
2.50686 2.63010 2.72721 2.81128 2.90916 3.03830 3.14362 3.11839 3.08997 2.94353 2.78671 2.67866 2.60482 2.53394 2.46108
2.48773 2.61039 2.70553 2.78587 2.90916 3.02803 3.14405 3.10110 3.09356 2.92650 2.78366 2.66198 2.57909 2.51412 2.44348
2.47059 2.58703 2.67980 2.77513 2.88806 3.00583 3.12183 3.08815 3.07551 2.90958 2.76474 2.64706 2.55868 2.49618 2.42582
3.86190 4.17360 4.44377 4.72551 4.76862 4.77999 4.71116 4.57404 4.40769 4.27635 4.12791 4.02694 3.80732 3.60284 3.36592
3.74885 4.01691 4.25344 4.47787 4.50137 4.50369 4.44673 4.35828 4.25302 4.13849 4.01031 3.90828 3.71396 3.53481 3.29565
3.67173 3.91925 4.14420 4.31827 4.34151 4.35607 4.34178 4.28047 4.16906 4.06340 3.93626 3.83048 3.67160 3.48409 3.27940
3.58557 3.80813 4.03880 4.18847 4.22825 4.26134 4.24849 4.19625 4.08488 3.97800 3.85622 3.76300 3.62904 3.43766 3.25062
3.49537 3.71769 3.96123 4.11202 4.13942 4.16575 4.16687 4.10186 4.01508 3.90668 3.79290 3.69369 3.59128 3.39402 3.22268
3.41347 3.65938 3.89757 4.02608 4.05393 4.08000 4.08075 4.01755 3.95377 3.83780 3.73616 3.63828 3.53950 3.36505 3.18895
3.34959 3.61846 3.82416 3.94575 3.96327 3.99219 3.99839 3.94940 3.88573 3.78069 3.68320 3.59149 3.48920 3.33451 3.15238
3.30561 3.55165 3.74926 3.86615 3.88647 3.91611 3.91875 3.88909 3.81677 3.73508 3.63595 3.52480 3.43928 3.31210 3.10973
3.26659 3.48622 3.68594 3.79861 3.82108 3.84901 3.86698 3.84565 3.76343 3.68031 3.58133 3.47659 3.39739 3.27351 3.07644
3.23037 3.43800 3.62276 3.72370 3.75184 3.79209 3.81731 3.79371 3.72267 3.62714 3.53382 3.42788 3.35952 3.23559 3.06959
3.18837 3.39124 3.56667 3.66465 3.69345 3.74385 3.76692 3.75373 3.67171 3.58518 3.48304 3.38984 3.31760 3.21793 3.05428
3.15703 3.35785 3.52102 3.60189 3.64999 3.69133 3.72149 3.70909 3.63851 3.53895 3.44312 3.35692 3.28273 3.19082 3.02390
3.12199 3.32591 3.47369 3.54415 3.58191 3.64195 3.68367 3.67958 3.60615 3.50259 3.40798 3.32720 3.24794 3.17374 3.00215
3.09531 3.29184 3.42470 3.49348 3.53873 3.59559 3.65448 3.65922 3.59468 3.47412 3.37095 3.29196 3.21548 3.14461 2.98449
3.06686 3.25561 3.38213 3.45319 3.50500 3.57595 3.63190 3.63555 3.57977 3.46755 3.34536 3.25755 3.18638 3.12216 2.97751
3.05951 3.22741 3.33743 3.41195 3.47236 3.55380 3.62170 3.61356 3.56244 3.44968 3.32947 3.23318 3.15727 3.09622 2.96528
3.03344 3.19640 3.30102 3.38630 3.45482 3.53294 3.59714 3.58979 3.54708 3.43930 3.31277 3.21179 3.13741 3.07492 2.95355
3.00300 3.17232 3.26805 3.35154 3.42536 3.51383 3.57119 3.57630 3.51907 3.42813 3.29934 3.19601 3.11298 3.05310 2.92606
2.97857 3.14195 3.23212 3.32666 3.39859 3.49773 3.55614 3.57139 3.51840 3.40655 3.27838 3.17858 3.08925 3.02972 2.91037
2.95689 3.12658 3.20635 3.30244 3.38782 3.47124 3.56279 3.56191 3.51273 3.40404 3.25923 3.16599 3.07051 2.99382 2.88860
2.92375 3.09689 3.18962 3.27636 3.36173 3.46389 3.54143 3.54321 3.49687 3.39729 3.23968 3.14705 3.05945 2.96872 2.86779
2.90025 3.06704 3.16555 3.25520 3.34492 3.44981 3.53482 3.50900 3.48899 3.37883 3.23656 3.12274 3.04081 2.94929 2.83320
2.87256 3.04429 3.14858 3.23132 3.34312 3.43919 3.54025 3.48551 3.48640 3.36180 3.23228 3.10414 3.01374 2.91735 2.81163
2.84710 3.01866 3.12105 3.21494 3.32545 3.41779 3.49967 3.44326 3.45881 3.34193 3.20954 3.08980 2.99182 2.89455 2.78008
4.27082 4.72745 5.04934 5.31209 5.34370 5.35803 5.30791 5.18298 5.00427 4.84092 4.66708 4.49725 4.19551 3.95235 3.68424
4.15323 4.54054 4.86323 5.11318 5.14216 5.15270 5.10036 4.99493 4.85380 4.71594 4.51518 4.33656 4.11022 3.89060 3.62227
4.06293 4.37797 4.73135 4.93335 4.96908 4.99022 4.96749 4.88621 4.75198 4.60597 4.37374 4.24100 4.05687 3.83782 3.59829
3.95548 4.21992 4.57348 4.78045 4.82326 4.86846 4.84727 4.78204 4.64462 4.46011 4.27077 4.16169 4.00665 3.78539 3.56559
3.85208 4.11337 4.44969 4.67533 4.71446 4.74677 4.75062 4.66745 4.52849 4.33660 4.19381 4.07760 3.95762 3.73422 3.53316
3.76116 4.04223 4.34552 4.56573 4.60438 4.63798 4.63901 4.54363 4.42152 4.25236 4.12798 4.01010 3.89802 3.70701 3.49108
3.68578 3.98884 4.23331 4.41069 4.44332 4.49747 4.50813 4.41713 4.30899 4.18737 4.06668 3.95852 3.84623 3.67123 3.45047
3.63232 3.90926 4.14761 4.28934 4.30375 4.35481 4.36541 4.31055 4.22139 4.12594 4.01099 3.87946 3.79192 3.64573 3.40917
3.58352 3.84121 4.06721 4.19810 4.22581 4.26202 4.28409 4.25232 4.16139 4.05899 3.94619 3.82747 3.74906 3.59640 3.37878
3.54462 3.78789 3.99145 4.11307 4.14701 4.19299 4.21869 4.19209 4.11271 4.00075 3.89212 3.78052 3.70632 3.55413 3.36999
3.49581 3.73853 3.92730 4.04256 4.07854 4.13510 4.16585 4.14619 4.04992 3.95185 3.84097 3.74064 3.65795 3.53243 3.35583
3.46176 3.70043 3.87627 3.96714 4.02189 4.07651 4.11058 4.08822 4.00771 3.90235 3.80085 3.70159 3.60972 3.49933 3.32602
3.42485 3.67035 3.82549 3.90398 3.95014 4.01500 4.06158 4.05493 3.97299 3.86717 3.76713 3.66560 3.56877 3.47644 3.30081
3.39789 3.62406 3.77358 3.85589 3.90575 3.96884 4.03655 4.03304 3.96187 3.83677 3.72314 3.62147 3.53001 3.44819 3.28547
3.37154 3.57980 3.72525 3.80492 3.86601 3.94427 4.00799 4.00504 3.94546 3.82188 3.69352 3.58227 3.49957 3.42329 3.27834
3.35993 3.54577 3.67908 3.76021 3.82967 3.92115 3.99295 3.98793 3.92597 3.80597 3.67308 3.55257 3.46372 3.39424 3.26464
3.33297 3.51616 3.63795 3.73000 3.80993 3.89047 3.95866 3.95125 3.90393 3.79320 3.65991 3.53108 3.43737 3.36664 3.25096
3.30248 3.48195 3.59526 3.69670 3.77374 3.87149 3.93334 3.92986 3.86853 3.77902 3.64446 3.51574 3.40862 3.34229 3.23303
3.27772 3.44836 3.55687 3.67147 3.75062 3.84462 3.90596 3.91091 3.85978 3.75466 3.62184 3.49888 3.38473 3.31462 3.21683
3.25861 3.42832 3.52604 3.64361 3.73363 3.82058 3.89721 3.88767 3.84849 3.74793 3.59885 3.48196 3.36127 3.28631 3.20154
3.23042 3.39278 3.50504 3.61395 3.70817 3.81233 3.86578 3.84103 3.81354 3.73755 3.57640 3.45833 3.34973 3.26213 3.18129
3.21102 3.35889 3.47521 3.59051 3.69270 3.79117 3.83844 3.79392 3.78541 3.71369 3.56820 3.43033 3.32965 3.24221 3.15906
3.19271 3.33233 3.45548 3.56787 3.68496 3.76486 3.82834 3.76396 3.77290 3.68225 3.56353 3.40629 3.30634 3.22044 3.14196
3.16992 3.30665 3.42199 3.54338 3.66673 3.72965 3.78264 3.72892 3.73961 3.65295 3.53534 3.38980 3.28609 3.20032 3.12024
4.74314 5.21150 5.54078 5.83553 5.87194 5.87896 5.83202 5.69139 5.50227 5.33759 5.14533 4.97910 4.65786 4.32328 3.99621
4.63465 5.04924 5.38584 5.64108 5.67482 5.68630 5.62552 5.52785 5.38397 5.22901 5.02264 4.84812 4.57756 4.26177 3.95041
4.51143 4.88617 5.23539 5.45417 5.48830 5.50944 5.49770 5.41319 5.27033 5.10189 4.89399 4.73521 4.50209 4.18012 3.91685
4.35320 4.71057 5.07480 5.29745 5.34751 5.39843 5.38001 5.29906 5.14398 4.97728 4.78068 4.63545 4.43787 4.11985 3.88059
4.20400 4.57900 4.95352 5.18735 5.22693 5.26029 5.27017 5.17139 5.02856 4.86306 4.67756 4.54082 4.36931 4.06947 3.84813
4.09784 4.47840 4.84342 5.05771 5.09604 5.13425 5.14100 5.04756 4.93407 4.75195 4.59673 4.46123 4.27489 4.03390 3.80345
4.01523 4.40505 4.71543 4.91046 4.95044 4.99171 5.00274 4.91730 4.81813 4.66400 4.52861 4.37087 4.20653 3.99793 3.75587
3.95013 4.29391 4.60613 4.78848 4.81243 4.86063 4.87427 4.81434 4.70586 4.57726 4.45088 4.25597 4.13200 3.95871 3.71030
3.89908 4.20558 4.51371 4.66878 4.70526 4.75686 4.77957 4.73789 4.62662 4.50628 4.36556 4.17943 4.08277 3.91103 3.68000
3.85266 4.12819 4.42127 4.56275 4.60226 4.65285 4.68981 4.65109 4.55693 4.43089 4.28212 4.11693 4.02760 3.86698 3.66188
3.80126 4.06966 4.34651 4.49563 4.53331 4.58722 4.62070 4.59426 4.49685 4.38214 4.21279 4.06634 3.97684 3.83926 3.65156
3.76284 4.02515 4.26938 4.40975 4.46690 4.52156 4.56142 4.53347 4.45242 4.31149 4.14353 4.02427 3.93116 3.80407 3.61885
3.72634 3.98715 4.18552 4.32590 4.39182 4.46068 4.50853 4.49976 4.40929 4.25140 4.09581 3.98424 3.88374 3.77976 3.58974
3.68980 3.93967 4.10545 4.23796 4.32992 4.41464 4.48129 4.47185 4.39097 4.18962 4.04964 3.93667 3.83773 3.74688 3.57094
3.66265 3.88676 4.04671 4.14412 4.25764 4.36875 4.44003 4.43310 4.35384 4.16758 4.01218 3.89574 3.80472 3.71592 3.56364
3.64862 3.85654 4.00379 4.09470 4.20165 4.33024 4.41874 4.40839 4.32361 4.15549 3.99644 3.86853 3.77196 3.69013 3.55227
3.62078 3.81951 3.95366 4.04700 4.15638 4.27674 4.37327 4.36019 4.29429 4.13185 3.97983 3.84357 3.73917 3.65980 3.54068
3.59323 3.79061 3.90501 4.01597 4.10910 4.25295 4.33602 4.33375 4.25518 4.11596 3.96343 3.82394 3.70190 3.63834 3.52343
3.56611 3.74778 3.86510 3.98600 4.07978 4.21730 4.31196 4.32200 4.24104 4.08542 3.93772 3.80968 3.68272 3.61022 3.50784
3.54463 3.72270 3.83651 3.95944 4.05469 4.18794 4.30507 4.30671 4.23483 4.06546 3.91016 3.78531 3.65955 3.58413 3.49435
3.51520 3.68226 3.80554 3.92817 4.02871 4.16104 4.27696 4.25498 4.18858 4.04385 3.88165 3.75689 3.64090 3.55576 3.46916
3.49521 3.64857 3.77120 3.89593 4.00779 4.13345 4.25324 4.20661 4.16961 4.02002 3.86474 3.72800 3.62443 3.53270 3.44235
3.47675 3.62111 3.75092 3.87090 3.99373 4.10041 4.25797 4.18430 4.17468 3.99107 3.85476 3.70519 3.60073 3.51373 3.42818
3.45037 3.59461 3.71975 3.84574 3.96402 4.06193 4.21157 4.15404 4.14690 3.96795 3.82693 3.68942 3.57847 3.49004 3.40203
5.14627 5.65434 5.96827 6.19645 6.22075 6.23263 6.20359 6.10344 5.95442 5.81033 5.58365 5.40961 5.05240 4.69129 4.35450
5.02620 5.48269 5.84070 6.05778 6.08551 6.09930 6.06196 5.97952 5.85695 5.69408 5.45186 5.27685 4.95533 4.64114 4.30026
4.88441 5.30731 5.68830 5.90373 5.93641 5.96030 5.95419 5.88384 5.74994 5.54112 5.32103 5.15215 4.87465 4.57016 4.25280
4.72872 5.10805 5.50880 5.77346 5.82140 5.86506 5.85414 5.78018 5.59294 5.40132 5.19746 5.03146 4.80408 4.49971 4.19913
4.58733 4.94838 5.36592 5.64689 5.69935 5.74385 5.75182 5.62444 5.44777 5.27355 5.07097 4.90885 4.73490 4.43568 4.15061
4.47705 4.85244 5.25058 5.47395 5.51523 5.57484 5.59027 5.46939 5.34703 5.15698 4.97166 4.82438 4.64481 4.39287 4.08779
4.37637 4.77224 5.12570 5.32662 5.36315 5.40380 5.42034 5.33667 5.22515 5.05751 4.89320 4.73094 4.57821 4.35808 4.02868
4.28859 4.66944 5.01120 5.19912 5.23368 5.26967 5.29011 5.22995 5.11039 4.95901 4.80532 4.63390 4.50613 4.30701 3.97284
4.22083 4.57299 4.89003 5.07443 5.10636 5.15734 5.18509 5.14271 5.02407 4.87031 4.71837 4.55291 4.44922 4.24791 3.93294
4.16255 4.50146 4.78870 4.95862 5.00428 5.06048 5.10688 5.05804 4.94379 4.78072 4.64647 4.49340 4.39304 4.19040 3.91242
4.09196 4.43886 4.70230 4.86223 4.91104 4.97839 5.01910 4.97714 4.85078 4.71718 4.57344 4.43597 4.33754 4.14677 3.90365
4.03692 4.38586 4.61863 4.75188 4.81596 4.88407 4.93275 4.88948 4.78888 4.64689 4.50639 4.38897 4.28489 4.09579 3.87159
3.98765 4.33593 4.54746 4.66927 4.72408 4.80124 4.85661 4.83581 4.72605 4.58439 4.45747 4.33651 4.22182 4.06488 3.84399
3.94690 4.28595 4.47798 4.59060 4.65438 4.74082 4.80755 4.79396 4.70660 4.53751 4.41534 4.28974 4.15767 4.02103 3.82629
3.92401 4.22640 4.41684 4.51825 4.60017 4.68997 4.75537 4.74973 4.66646 4.51435 4.37073 4.24108 4.10965 3.98415 3.81762
3.90491 4.17328 4.36363 4.46026 4.54769 4.63327 4.72420 4.70179 4.62196 4.49138 4.35495 4.19928 4.05487 3.95538 3.79961
3.87313 4.11815 4.30311 4.41105 4.50546 4.59412 4.67053 4.65247 4.58935 4.46466 4.32643 4.16614 4.01008 3.92321 3.79038
3.84921 4.08398 4.24032 4.37251 4.46116 4.55693 4.61628 4.60678 4.53778 4.43339 4.30502 4.13156 3.96706 3.89476 3.77164
3.81399 4.02076 4.18613 4.33490 4.42373 4.51783 4.59442 4.59678 4.52188 4.40216 4.27669 4.10651 3.93929 3.86156 3.75446
3.78969 3.99837 4.15494 4.29908 4.39400 4.48101 4.58084 4.57905 4.51269 4.37839 4.24238 4.07989 3.91926 3.83881 3.74358
3.76588 3.94515 4.11502 4.26840 4.36511 4.44984 4.54287 4.53408 4.47338 4.36160 4.21510 4.05201 3.89827 3.80683 3.72230
3.74484 3.90425 4.06852 4.23215 4.33737 4.42792 4.52947 4.48803 4.46195 4.34095 4.19494 4.00733 3.87758 3.78637 3.69543
3.72025 3.87182 4.03406 4.19808 4.31750 4.40321 4.53381 4.46700 4.46294 4.31251 4.17050 3.97571 3.84838 3.76029 3.67361
3.69474 3.84210 3.99466 4.16880 4.28992 4.37373 4.49433 4.44310 4.43717 4.28625 4.12830 3.94910 3.82504 3.73649 3.64718
5.57875 6.01037 6.29286 6.50862 6.53285 6.55814 6.53360 6.43588 6.28970 6.13663 5.96371 5.83065 5.47958 5.07533 4.66704
5.45455 5.88334 6.16272 6.37436 6.40301 6.42318 6.38875 6.31475 6.18140 6.03673 5.86099 5.72714 5.36710 5.01274 4.61356
5.28939 5.74443 6.02835 6.22542 6.25956 6.28862 6.28627 6.21048 6.08155 5.93279 5.75680 5.59458 5.27330 4.93093 4.56379
5.11934 5.53966 5.90297 6.09693 6.13622 6.18444 6.17524 6.09928 5.97413 5.81896 5.64720 5.44028 5.19110 4.83986 4.50630
4.94692 5.35690 5.79595 5.99579 6.02657 6.06653 6.07468 5.98408 5.86247 5.71498 5.49139 5.29902 5.11553 4.75332 4.45852
4.81239 5.24426 5.69277 5.88119 5.90712 5.95325 5.96444 5.87447 5.77826 5.61236 5.36313 5.20696 5.01537 4.69919 4.40316
4.69011 5.14324 5.56190 5.76091 5.78814 5.82762 5.84028 5.77331 5.67497 5.47864 5.26893 5.10131 4.93046 4.65176 4.35058
4.59754 5.03788 5.41880 5.64339 5.67507 5.71050 5.72564 5.67600 5.53742 5.34505 5.17245 4.98921 4.84223 4.59462 4.30103
4.52680 4.92775 5.27300 5.49486 5.54118 5.60648 5.63501 5.58806 5.42544 5.24546 5.07891 4.89721 4.76029 4.53029 4.26144
4.46394 4.83461 5.16938 5.33629 5.38729 5.47332 5.54096 5.47081 5.31625 5.15066 4.99818 4.81750 4.68002 4.47455 4.23783
4.39617 4.75412 5.06798 5.22902 5.27444 5.36014 5.41224 5.34912 5.22416 5.07337 4.90587 4.73637 4.61074 4.43455 4.22767
4.34849 4.67901 4.97371 5.12075 5.18875 5.25012 5.29941 5.25593 5.15017 4.99287 4.82856 4.66818 4.55241 4.39739 4.19535
4.30683 4.61422 4.88534 5.02095 5.07968 5.16877 5.21981 5.18918 5.07123 4.91192 4.76029 4.60038 4.48904 4.36795 4.16522
4.26693 4.55916 4.79738 4.92174 4.99724 5.08730 5.15249 5.14180 5.04315 4.85510 4.69778 4.55205 4.43947 4.33321 4.15088
4.24292 4.50460 4.71168 4.83599 4.92960 5.03397 5.08916 5.08326 4.98988 4.82280 4.64397 4.50185 4.39627 4.29643 4.13315
4.22311 4.45186 4.63533 4.76185 4.86849 4.95707 5.04698 5.02118 4.93682 4.79360 4.62608 4.45885 4.35119 4.27296 4.12014
4.19043 4.40588 4.56920 4.69562 4.81182 4.90835 4.98432 4.95773 4.89268 4.75979 4.58882 4.43313 4.31226 4.24310 4.10839
4.16452 4.37168 4.50504 4.64794 4.76814 4.86464 4.91806 4.90191 4.82884 4.72281 4.57182 4.40049 4.28005 4.21534 4.08916
4.13351 4.31778 4.45107 4.60495 4.72061 4.81248 4.88785 4.89105 4.80845 4.68066 4.54188 4.37805 4.25559 4.18445 4.07002
4.10211 4.30058 4.42216 4.56503 4.68456 4.77270 4.87479 4.87025 4.80151 4.64780 4.49630 4.35642 4.23501 4.16147 4.05685
4.07763 4.25241 4.38396 4.53068 4.64117 4.74197 4.83214 4.81602 4.75761 4.62899 4.45875 4.33239 4.21601 4.12719 4.03215
4.05387 4.21848 4.34705 4.48430 4.60552 4.71003 4.81555 4.76142 4.73840 4.59441 4.43720 4.29763 4.19546 4.10354 4.00471
4.02152 4.18858 4.31921 4.44643 4.57494 4.67006 4.81160 4.72582 4.73156 4.55493 4.41136 4.27206 4.16832 4.07397 3.96947
3.99203 4.15941 4.28727 4.41475 4.53817 4.62696 4.76166 4.69549 4.69008 4.51972 4.37341 4.25352 4.14202 4.04239 3.93468
