471.78486 490.23309 503.68140 511.55900 517.54787 516.86706 517.94616 518.22197 516.40820 516.48104 514.48192 512.33121 514.21193 510.53378 499.75262
467.43139 489.37362 507.58748 520.94867 529.66351 528.54125 531.70971 533.22170 532.39178 532.31682 530.24200 527.75266 525.40182 515.24815 497.94906
460.71794 484.41806 503.90149 517.70032 525.47997 526.97515 530.89439 532.12448 530.89045 529.80689 531.23642 529.24340 522.47946 510.07354 491.25604
453.76112 480.24828 498.70827 513.84244 522.21528 527.83930 531.39115 532.02077 530.93821 532.02406 528.57104 526.17188 517.63183 504.21775 484.50098
448.04387 473.66505 495.83896 510.14558 515.92567 522.96142 526.80323 528.47036 528.00511 527.69160 524.40408 520.69319 513.57070 497.46937 475.89677
440.05466 468.95601 491.88497 504.66294 510.78678 519.21517 519.21381 526.14485 523.62406 523.23721 519.93124 517.89936 506.82571 491.56738 470.94529
432.97513 462.40661 485.09133 496.39105 508.42773 512.40304 514.81058 520.40844 519.06242 520.10104 515.80836 509.35436 503.38198 483.83224 463.05227
426.03470 456.18018 480.35776 488.21671 500.84469 506.90276 510.68307 514.26851 514.52780 514.30655 510.85037 504.38649 497.77371 478.79958 456.23256
419.49470 450.09894 472.55140 482.45408 494.92759 501.89195 507.26574 510.33741 508.94985 509.59899 505.91739 499.02481 491.46230 471.40884 448.64827
414.67063 441.73079 462.74406 475.55118 488.90732 494.20856 499.14463 506.01315 503.55491 503.47848 500.13276 492.58864 483.69625 462.05347 440.81578
408.52271 435.02680 455.47713 472.32068 477.10320 490.35784 495.96424 500.18355 494.33075 497.08084 489.78812 488.71436 473.35795 456.10995 430.57013
404.55189 423.42649 453.72821 458.09863 470.31091 480.61160 488.78032 494.06420 489.90804 488.44583 483.40896 477.58980 467.42535 447.91430 426.06901
398.12566 422.58324 440.85646 447.17738 466.06166 474.67288 475.97634 486.66375 486.78162 480.32803 476.74484 468.43343 459.55159 441.36365 420.21998
390.45587 410.25996 428.29380 430.08530 445.83967 466.78467 476.00329 476.44315 480.37453 473.22846 464.40334 460.76690 446.28589 434.11922 410.66017
379.87954 401.12949 424.52546 427.96697 450.36324 460.05015 468.85735 466.71055 462.53802 471.47077 452.92028 456.05290 441.69778 425.87851 403.00837
372.49337 395.47310 411.53250 414.14626 431.49095 449.55598 454.23796 459.14640 462.34064 458.77517 453.57258 445.83887 434.13597 415.19112 393.02733
364.02596 381.35271 396.87136 412.91991 432.02506 443.17956 444.49866 450.30874 455.06582 448.40035 438.63495 436.92132 421.20280 401.18027 382.60949
356.26137 380.20674 388.58436 409.78615 421.61647 431.28984 442.26247 440.38380 439.77672 439.18226 434.30043 424.35870 410.88493 401.14698 375.90725
341.74285 368.82024 383.20002 393.34328 408.38712 427.79052 429.00901 430.62109 432.04958 432.54401 423.61032 414.21867 404.36569 390.22745 362.33473
332.02678 358.05373 371.67578 389.53066 401.49475 412.38646 419.43833 419.38796 423.21043 421.85136 412.63549 402.99988 391.76860 377.49272 353.62268
325.38863 346.17782 366.10194 375.74904 391.76642 403.08217 407.78971 410.95013 411.55542 412.42118 403.43931 393.99801 381.90013 366.69532 346.94762
314.91979 336.93757 347.77761 368.78718 380.46743 393.72993 397.13830 400.94475 400.72242 400.76200 393.58127 386.12338 369.96472 357.18858 334.85953
302.89682 325.08394 340.25000 354.33627 370.87221 381.17626 385.57038 387.80642 389.67365 389.25745 383.60858 372.81433 360.42636 345.41681 326.47371
292.03000 313.09705 328.34759 343.41907 359.01621 368.65799 372.31045 375.75710 376.25381 378.04764 372.79604 361.32382 349.35233 335.46971 316.59581
501.43846 503.76767 504.35947 505.23583 507.89285 503.73853 502.69016 502.63933 500.99383 501.90592 499.62872 498.60169 504.38654 509.75253 515.19719
504.06558 512.37947 514.41987 518.48926 521.30952 515.91882 514.95043 514.01412 512.37322 514.06689 513.86801 512.28538 518.18261 519.59839 523.80635
499.76786 511.23873 515.50828 518.96988 521.37929 517.00336 517.20901 516.38606 514.34174 514.25148 515.44262 515.20455 519.91367 520.60517 521.82009
494.41306 508.52025 513.96379 519.68898 520.97428 520.43814 519.32566 518.64506 515.79938 516.47181 514.46186 516.04561 518.30701 520.30809 517.76984
489.68410 504.52758 513.97246 520.58572 519.44426 519.79811 520.12423 519.41041 516.34803 516.18554 515.37924 514.19079 517.20528 518.42700 511.86448
483.25523 501.33608 512.35502 519.66291 517.72030 519.13662 517.42765 520.75087 517.12817 516.96382 515.17079 513.36317 515.92045 515.37950 508.25831
477.35471 496.83949 509.11512 514.97840 518.64873 517.52116 516.35060 518.76108 516.46465 517.53081 514.88253 512.36020 516.83731 510.45629 501.88894
471.08872 492.16315 506.45282 510.14774 515.08608 516.95994 517.45528 518.16323 516.70014 516.73307 514.78452 512.14710 515.63426 508.36090 496.97854
465.56770 487.56135 502.34831 507.84668 512.39137 515.82079 517.50763 518.72608 516.10608 516.58008 515.23447 511.48680 512.62339 503.59824 490.97199
460.69195 481.35975 496.32498 504.30208 508.89851 511.44520 513.86750 517.92134 514.21901 514.79314 512.63418 509.47903 508.38157 497.53153 484.16370
455.04685 476.07657 491.80030 502.11612 502.56561 510.60266 512.29514 513.97349 509.62079 512.33327 507.13392 508.16325 501.79513 493.15965 475.38702
451.37412 467.62351 490.67066 491.81902 497.88448 503.98453 508.60499 510.57474 506.68050 507.18083 503.68883 500.84863 497.58903 487.00874 470.58278
446.02041 466.66918 481.76116 483.96888 496.01015 500.08941 499.22472 506.07688 506.05019 503.17045 500.09786 495.90373 492.69868 482.08521 465.79422
438.71167 456.79109 471.65419 471.00391 480.20396 495.25925 499.15446 497.12295 500.17517 498.13937 492.28194 491.56059 483.26337 476.59014 457.91804
430.32114 449.87499 468.59073 469.21290 484.74594 489.47312 492.60158 489.14155 486.68153 495.28319 484.04052 488.68341 480.58130 469.76951 451.11920
423.21557 445.02976 458.23499 459.53436 469.43566 480.73952 480.69520 482.45710 485.19915 485.63383 484.19109 480.57122 475.16242 461.98185 442.09418
414.91121 433.02626 445.89473 457.51415 468.78147 475.29974 472.88068 474.41961 478.05346 478.21580 473.19825 473.67557 465.57138 450.35162 432.41632
407.72293 430.30924 438.96682 453.83233 459.96101 465.50682 470.60670 466.18278 466.71972 470.93248 468.90521 464.32522 456.86634 449.15900 426.87161
394.98454 420.62162 433.28661 440.49278 449.44264 461.32077 460.08577 459.02602 460.18079 464.55414 459.81792 455.83325 451.72381 440.15574 414.76642
386.01468 410.23213 422.99529 434.75461 442.00649 449.14796 451.71431 448.75712 452.34467 455.22592 450.60464 445.26984 440.90276 428.79258 407.07453
378.70568 399.45795 416.80493 423.33130 433.24149 440.99587 441.69014 440.79814 442.94834 447.28893 442.67721 437.44172 431.43722 418.94963 399.54574
368.54114 389.94030 400.58725 416.41645 423.51068 432.28899 431.57831 433.30841 434.78068 437.55500 433.96472 430.40735 420.53635 410.36796 388.35042
357.16431 379.57565 393.16566 402.23120 414.90007 421.90460 420.86214 422.94677 423.46664 429.11123 425.83434 418.85796 412.69168 399.78324 380.21909
346.59551 368.06104 381.72092 392.84036 403.71710 411.82463 408.62004 412.00457 411.21154 419.14144 417.03106 409.16238 402.35815 390.09442 370.39750
513.27666 507.46686 503.40312 502.45289 505.73981 502.32416 502.98629 504.28996 503.90435 503.49663 501.05686 499.65758 503.34006 508.83190 519.69227
517.59352 514.33950 509.21005 510.25380 511.83311 507.07147 505.86784 505.50988 505.05890 505.62446 505.23762 504.66783 509.99250 514.40796 528.38899
515.62577 514.57684 509.92460 511.88349 511.47120 507.14590 506.67308 505.79020 504.20663 504.22924 505.79854 505.48767 511.55230 515.70758 528.57363
512.19081 513.08571 509.62962 511.61004 511.82271 508.77852 508.00307 508.15314 506.01263 506.03327 504.10643 504.63083 510.43206 517.57996 526.28703
510.84225 511.83979 511.30494 512.97528 510.63484 509.00320 507.48806 507.45085 505.77152 504.72946 503.60640 503.41314 508.49453 517.28557 523.09623
507.83043 510.97001 511.17507 514.81680 508.95164 509.00461 507.81431 509.64102 505.88802 505.95352 505.16707 502.93175 508.33941 516.19665 521.79971
505.29602 507.90404 510.72194 512.45568 510.29243 507.42375 506.55302 508.08692 506.39883 507.10605 504.44123 501.90641 510.59759 513.98448 518.12655
501.48921 505.90869 510.45015 510.49593 509.77785 508.71231 507.66146 507.52123 506.33312 506.35593 504.36392 502.82751 512.69092 514.13248 517.21196
499.47635 503.54199 509.83952 509.55672 509.09145 510.11932 509.91447 509.54546 507.07866 507.56615 506.68347 504.80017 511.31127 512.75870 514.61081
496.77690 501.31080 506.96423 508.60161 507.53327 508.55103 509.06560 511.06279 507.62189 508.37775 506.62116 505.50957 509.33469 509.30019 510.91055
491.98163 498.70269 505.67541 507.43981 505.03262 508.65557 509.60336 509.04288 505.78789 507.98782 503.81392 505.21150 505.44534 508.22678 505.99874
489.30234 493.87989 506.57573 501.63243 501.96250 505.15558 507.61104 507.66466 504.27666 505.53264 501.98082 500.69267 503.86216 505.11922 503.82137
484.97248 494.00619 500.95180 497.30461 501.84337 502.84925 500.97982 505.01404 505.29825 503.49500 501.20140 498.17995 502.13506 502.51749 500.97636
478.84283 487.20426 494.98667 488.80672 492.29503 500.80275 500.92442 497.71894 499.43617 500.99476 496.86224 497.51739 497.97919 500.59809 495.56211
470.65445 482.26621 492.09531 489.12977 495.88845 496.63152 496.16887 491.61266 489.68504 498.83868 492.63991 497.24589 496.64955 495.92255 489.68551
463.31685 477.65663 485.46171 482.64913 486.73497 490.17702 486.55934 486.02323 487.20505 492.03845 494.11218 492.25523 495.30036 491.46321 481.57698
455.96795 468.76604 476.28461 481.39495 484.60039 486.41209 480.72059 479.19664 481.43115 486.53886 486.66525 488.60498 489.00027 482.30081 473.76201
448.83613 464.68349 470.13503 478.18531 478.30296 479.13995 478.37183 473.20131 472.29720 480.32347 483.61998 481.66674 483.02562 479.96652 467.34991
437.60679 455.79687 464.00643 466.40518 469.92224 474.98250 468.59777 466.96381 468.20888 475.36484 475.59943 475.52487 477.49249 472.16528 457.14073
429.00931 446.88022 455.00581 461.81050 463.89991 464.48862 461.90511 457.14972 460.32827 467.22483 468.61567 467.02841 468.69410 462.42243 449.59088
421.53946 437.38911 449.20982 451.42335 455.78169 456.63547 453.06819 450.63470 452.09035 460.23225 461.96388 460.50101 459.63682 454.18526 442.26113
411.98411 427.48030 435.48065 444.98405 447.24447 448.18375 444.40756 445.13415 445.84665 451.17934 454.78708 453.83520 450.61410 445.94587 432.45893
401.38891 418.29937 427.54447 432.41659 438.20050 438.74125 435.04729 436.86821 435.13073 443.41511 445.97872 444.37319 442.51347 436.28559 423.79777
391.24204 407.43697 417.05733 424.13543 427.36443 428.37444 421.94886 426.78818 423.74435 433.87148 436.68794 436.29201 433.36320 426.80093 414.40102
526.51933 520.12100 515.83240 518.84439 523.34077 524.53264 525.11705 525.95677 525.26871 527.21070 526.48154 523.04429 520.49412 523.00432 532.39378
527.74195 522.14464 515.73322 520.34571 523.06455 520.91494 523.03440 523.91240 523.25997 524.42386 523.55797 519.06155 521.50141 522.48669 536.60497
526.45190 521.66795 516.41895 517.95653 521.72976 517.86878 519.59144 520.98757 520.35552 519.59166 520.15894 517.93879 520.49803 523.03360 536.27182
524.23179 519.99826 516.24080 518.27277 519.64075 518.46639 518.35911 518.94942 518.08066 517.46222 516.32567 516.81518 517.14985 524.38080 534.11757
525.00915 518.72999 516.99055 520.42852 516.75462 517.53644 518.83877 518.86098 516.70919 515.62479 515.39921 513.56039 515.73837 524.07425 531.31128
524.84501 519.22939 516.45235 521.14670 516.08722 515.05922 516.15588 518.46989 516.43261 515.59700 513.35074 511.30495 516.40953 522.30246 531.14921
525.10594 517.34360 516.44878 518.90895 516.61540 513.94646 513.93756 515.74969 513.91589 513.75456 511.37002 509.74027 517.16886 520.31917 529.83245
522.99830 516.78604 516.26585 516.55438 515.34501 514.19844 515.94869 514.81926 513.97853 512.86370 511.53709 510.58342 518.28226 521.46242 531.23192
523.12590 515.25644 516.23642 516.39685 513.74345 516.53304 517.35395 516.46739 514.25772 513.40949 512.83109 511.57576 516.77103 520.44233 530.84856
519.96180 515.26966 515.66074 515.04224 512.40835 514.07023 514.39407 516.88627 514.40891 513.12562 511.38987 510.61882 515.22146 519.81808 530.38091
516.05102 514.70264 516.04050 513.84715 510.04382 512.36154 514.72967 514.95627 511.89491 511.30102 507.34309 510.12037 512.14700 519.33915 526.97898
513.54212 510.79521 517.57780 510.52778 507.04671 510.32742 512.81907 512.87931 509.68026 509.90256 506.65593 506.07812 511.08682 517.87270 525.63929
510.05715 509.68598 513.62246 507.92989 508.01644 508.10537 506.76514 510.62878 510.87403 508.17980 505.58220 503.20670 510.62932 515.59660 524.12929
504.76108 504.84579 509.09431 501.19965 501.55625 506.23170 506.20466 504.25105 505.54590 505.90923 502.58050 503.34860 508.72436 515.51060 518.97161
497.91453 500.45479 507.24990 501.87762 503.18912 503.70154 502.63671 498.28681 497.36590 504.41041 499.71163 503.64159 508.26316 511.89475 514.40378
492.64295 497.22093 501.39068 496.27484 497.22940 498.00187 494.93765 494.50706 495.59235 498.41079 500.71996 500.46362 507.62818 507.48633 507.93073
486.54790 490.82588 493.77076 494.35459 495.56547 494.55298 490.81432 489.22345 489.97857 494.93168 494.00752 497.77314 503.33365 499.38526 502.06243
479.61725 486.77385 489.64923 491.12324 488.85241 489.90121 488.35383 483.84068 483.02743 488.55391 492.88996 492.75132 497.97843 498.04629 497.68936
470.22521 479.43825 483.58870 480.73223 481.22586 484.78972 480.70136 477.69643 478.54838 485.90884 484.82360 486.60971 493.35631 491.60953 488.45560
461.67659 473.01829 476.99344 476.66945 474.82895 475.53467 473.43092 469.51592 471.79452 477.72009 478.42973 479.01815 485.97311 484.58059 481.51058
455.02292 464.86119 470.32383 466.74686 468.31122 468.50194 465.16556 465.47250 465.55161 471.35552 472.28905 472.35212 477.97300 478.05686 475.07873
446.75532 455.69858 459.30808 460.74409 460.14402 460.21312 459.35940 461.64674 459.34433 462.16321 465.99202 465.99391 469.90485 471.56066 467.25514
436.87627 447.35126 450.92903 449.91758 451.87103 451.85162 451.10230 455.44012 451.57206 454.77567 458.48546 458.74604 463.78373 462.84970 458.45852
427.07806 438.40346 441.17527 443.51342 441.86450 442.97824 441.14777 447.90061 442.51582 447.12544 449.88864 451.21147 455.02921 454.80898 449.92616
517.06379 513.61152 514.38188 522.42022 528.56423 531.83347 536.15869 539.63656 540.01204 539.45765 537.65937 532.20391 526.56723 522.30529 525.65278
516.09722 512.47488 511.23477 519.55243 525.01687 524.48436 529.36493 532.06234 532.34713 531.54967 529.25051 524.65547 521.80280 518.22173 525.57634
513.39146 511.65671 509.89763 515.62032 521.85531 520.98089 524.46034 527.01779 526.78048 524.87382 525.10544 522.23121 518.99350 516.38969 525.90836
511.30180 510.10320 508.73562 513.90265 517.88953 519.91636 522.50253 523.32816 522.36971 520.98312 520.18400 518.62343 514.49356 515.77588 523.58060
510.42815 507.56612 508.23949 513.71930 513.61545 516.84928 520.68681 521.22708 519.66068 518.28840 516.82246 513.21019 511.16292 513.56071 519.38072
509.26472 506.89926 506.99881 512.76700 511.76986 512.54282 515.77364 518.70950 517.57316 515.62590 512.50473 509.65689 509.29734 514.09459 518.54212
510.40332 505.30194 505.90185 510.86004 510.49398 509.96652 511.78511 514.42655 513.03131 511.79374 509.50721 505.98965 510.08875 511.23869 517.32193
509.46523 502.18986 504.54767 507.37543 508.64875 509.28897 512.77474 512.16185 510.94617 509.14013 507.06683 504.62328 509.69768 508.93682 516.17412
509.64494 500.55778 503.68953 506.57975 506.54935 509.70748 512.25424 512.48968 509.68308 509.53633 506.19943 503.82069 507.74097 507.65612 515.69137
507.75099 499.54831 502.52011 503.43810 503.37020 507.54489 509.75918 511.85681 509.88936 508.21915 505.41141 503.61461 504.38656 506.12779 515.03220
504.91147 498.07200 500.11274 502.58246 500.94914 505.07516 508.17889 509.54741 506.61613 505.76518 500.60835 501.50564 501.63991 504.83848 511.83669
501.26440 496.26897 501.87413 497.57411 496.82130 502.31102 505.07022 506.27600 503.78544 502.13909 499.22760 496.11447 499.32020 502.36050 513.06440
499.47041 495.52871 497.78481 494.63880 496.61609 499.50166 499.22920 501.92624 501.84638 499.94633 496.11848 493.27971 497.07286 499.84569 511.28567
494.37906 491.61757 493.89294 488.08943 489.24424 495.47213 496.72348 494.76182 496.91513 497.53543 491.94957 489.43009 493.99540 498.87292 507.78208
488.62753 487.57309 493.26172 486.72960 490.34637 490.26978 491.12452 488.32336 488.13064 493.23134 487.54259 489.29317 493.16760 496.62513 503.49542
483.69911 484.54464 488.13636 482.06342 482.28551 485.66686 482.99411 482.67489 484.42940 486.22359 487.51879 486.08313 492.34245 494.12642 497.86987
476.44589 478.35273 480.72001 481.36513 481.89194 480.76211 479.16672 477.44778 478.60259 480.90413 481.81091 482.17573 487.86347 486.94584 491.16078
470.43455 475.92174 475.04261 476.82247 476.33119 474.57381 475.36034 472.47401 470.19773 475.67401 476.93912 476.60857 483.74903 484.54583 487.86805
461.48683 469.29650 470.36247 468.78576 469.15006 470.49817 468.04616 466.34608 465.99244 470.51548 470.86713 473.02763 479.41295 479.69057 479.66315
455.05212 461.39579 463.61635 464.04451 462.02976 463.48182 461.11716 459.44665 460.85382 464.65067 464.08054 466.50237 472.39274 473.32801 474.13708
449.07285 455.10084 458.55685 454.33665 454.96847 456.48664 454.67925 455.07745 453.89565 457.38248 458.56744 459.37666 464.29000 467.21178 468.99124
441.44250 447.53883 447.03050 447.11912 447.56438 448.58585 449.43014 450.45080 449.17833 450.75606 451.72391 453.21254 457.30964 461.23151 460.96436
433.19486 438.49045 438.43531 438.00937 438.95029 439.16253 439.51056 443.10227 440.34553 444.25268 445.12379 445.38196 450.32339 452.96034 453.23865
423.51917 430.51445 429.99596 430.98987 428.93943 431.05789 428.11465 433.63239 429.28620 436.12377 437.84592 438.09770 442.26161 445.72804 445.48891
552.63450 553.34802 559.14251 569.99568 575.78781 579.10482 582.67994 587.71531 588.55641 588.43197 589.96358 583.92559 574.22795 568.01927 564.77450
549.73755 548.74581 554.82178 564.51812 570.81041 570.58022 574.39905 578.57937 579.91083 579.29716 579.91172 576.06494 567.75582 560.80088 561.34302
547.91235 545.58367 550.20056 560.39113 567.35626 566.68490 570.71588 572.42414 574.73050 573.20621 574.21172 571.52414 563.37502 558.10147 559.73765
546.17085 543.62289 548.18755 557.43041 562.39828 565.06419 568.39403 570.07812 569.99671 570.46277 569.39673 566.41081 558.94586 554.99303 557.49455
545.82038 542.25099 545.95306 554.96845 557.97405 562.37645 567.09297 568.81345 567.52375 565.06983 563.45987 559.50291 554.54015 551.51290 553.08100
544.80737 542.24586 543.30681 551.70564 553.87039 557.06904 561.62950 564.72867 564.12753 562.44827 558.06623 555.28790 551.52039 549.26147 552.84241
545.51293 540.38888 542.44794 548.24684 550.74616 553.45510 557.01051 560.93561 559.78330 557.57405 553.92034 549.94192 548.29288 544.94342 552.06178
542.56668 539.57510 541.43644 544.82577 546.70390 550.90601 554.28550 557.00497 556.34283 552.80221 549.62391 546.89320 546.40458 545.02523 552.03032
540.77694 537.69426 542.29463 543.88023 542.72976 547.71932 551.97409 553.72547 552.15383 550.26160 545.35570 542.54158 544.09446 543.13446 551.72341
537.38295 535.53405 540.90804 541.38312 541.19895 544.33018 546.49632 549.14365 548.66683 547.36102 542.80811 540.44814 541.88486 542.14136 549.98342
535.15444 533.65639 539.63063 540.91132 538.35032 540.83460 543.94198 544.62784 543.57450 543.32244 536.99324 537.85013 540.49767 542.69102 545.69243
531.38965 529.66878 538.07190 537.68309 535.45520 539.18873 540.93699 542.32237 539.52566 538.75552 536.11477 534.49997 538.17097 538.62566 544.00105
529.32372 527.37398 532.95307 534.68493 535.99678 536.76866 535.69950 538.97160 537.81612 537.60248 534.43475 532.42646 537.05414 534.79716 541.21484
524.13218 522.45067 527.93730 525.70315 528.56175 533.84899 533.93271 532.42720 534.85808 534.46636 531.37103 530.62014 532.79454 533.54620 537.73267
518.40846 518.45199 524.26182 522.57239 528.93299 529.37467 530.77062 527.97972 526.84341 531.80933 528.60727 528.78759 529.75712 528.78688 532.31408
513.17672 515.39646 519.85229 516.62200 519.83720 523.35243 525.01848 523.90225 525.47072 525.15975 525.79654 523.41838 525.24835 525.41350 527.18803
504.86743 508.53730 512.28953 513.98107 516.94801 518.39500 519.18087 519.61219 520.23209 520.47067 518.61668 517.78826 520.42508 519.02640 521.79320
498.51607 505.05800 506.24767 507.80280 510.06614 511.73522 515.25366 514.23999 511.79597 513.93186 513.98888 512.36786 515.67005 515.97730 516.20643
489.37202 498.85426 501.00551 500.37715 501.78842 506.45557 506.36192 507.56014 507.24343 508.32032 506.41890 505.09504 511.17389 509.81612 508.65645
482.07421 490.52872 493.77637 495.10750 496.25976 499.13366 500.43217 499.37113 500.05337 501.18014 499.70860 499.26157 504.13570 503.61262 502.58316
475.82246 483.20269 488.74044 485.53971 489.18896 491.66117 492.77877 492.44033 491.70434 493.45231 492.99845 491.03358 495.93232 496.66777 495.79893
467.14793 474.77038 477.05062 479.05413 481.90774 483.47862 485.05097 486.64052 485.26612 486.11079 486.17974 485.96385 487.88849 489.33875 488.34150
460.04966 464.26424 468.09697 470.45276 473.42069 474.84778 476.39615 478.02188 476.61410 479.20941 479.38388 478.78953 480.28803 481.08774 479.48485
451.03874 456.11978 459.15894 463.11996 464.37327 466.22867 464.98654 469.94181 466.16513 472.22458 472.27926 471.13577 472.62410 472.23035 472.66455
595.78612 597.48343 604.08733 614.52172 625.55693 632.83931 638.80703 644.73311 647.76922 646.53068 645.49174 636.34468 622.86665 612.35885 607.38553
591.85589 592.65533 599.58928 607.24064 617.20496 623.20231 629.43483 634.64275 636.40782 636.02574 633.82300 625.82637 613.62232 605.66003 603.83551
588.92056 590.59675 596.03214 604.66399 611.66387 616.53219 621.91696 625.90844 628.48356 626.33265 625.19406 618.07879 607.93194 602.68981 602.49390
584.77869 588.86952 592.67980 601.45608 606.45555 610.60035 616.09507 619.16605 621.63429 620.03095 616.82727 611.37722 603.94342 599.10171 600.39691
583.70269 587.06736 591.85366 599.88192 603.19894 605.55186 609.38494 612.69501 614.36447 612.05653 609.92128 606.38255 600.25722 596.40405 597.04809
580.31027 585.54744 590.03590 597.16245 598.31166 602.03874 605.15348 608.98779 608.45885 606.61208 604.30557 602.52225 596.25447 595.00379 594.48329
579.93511 581.54997 587.70784 592.64628 595.58365 599.33904 602.05332 605.31029 604.37174 603.51813 600.50966 597.29013 594.27409 591.83981 591.36697
575.85769 577.93684 584.35047 590.66008 591.82841 595.30208 598.91206 600.53662 601.23866 599.42998 595.44681 593.89188 591.57255 589.59762 589.99383
575.17366 575.32888 582.11221 587.42492 589.92314 593.49611 595.09669 596.07231 596.86507 596.03569 591.51079 589.86342 589.85905 586.28143 588.07956
571.12684 572.48254 578.72937 583.87288 586.68853 589.97956 592.08382 592.87269 592.77911 593.39550 589.93520 587.14218 585.89015 583.07583 584.79899
568.45081 570.03021 575.56819 581.19984 582.46160 587.03179 588.11887 588.42761 588.26243 589.98179 585.34886 584.38923 581.77430 579.95783 580.75760
564.10291 565.23045 573.10218 574.59258 577.50744 581.89149 583.37553 584.52241 582.14206 583.86660 581.33915 578.34073 576.54627 576.77166 577.82583
559.85787 562.40926 568.34844 570.20055 573.63988 576.66343 575.48188 580.61732 578.80775 578.54589 577.17560 573.59123 574.10771 571.73489 574.72350
552.77876 557.00669 562.45070 562.54043 566.68855 571.05689 573.00973 573.03480 574.11171 574.58209 572.14190 569.31446 567.96380 569.45903 569.75855
547.36231 551.46789 559.07348 559.59488 564.87836 566.05048 566.72893 567.37350 565.56204 570.27518 566.76913 565.91027 564.88934 564.13737 563.76412
541.87673 546.38561 554.02294 552.13853 556.85582 559.01100 561.09929 562.23731 563.85647 563.72954 562.28534 560.05468 560.21461 559.95298 558.04360
534.37752 538.66633 545.56469 548.48604 552.40115 554.78572 556.53665 558.99761 556.95205 556.85014 555.45011 553.06969 555.03063 551.71054 551.26068
529.08025 534.46758 538.21774 542.72886 545.42489 549.03007 553.07101 553.35819 550.86859 551.70635 550.35184 547.29816 549.52178 548.39443 545.70670
520.23963 528.09422 531.48740 534.34704 537.84654 544.10677 545.89205 547.25636 546.86515 546.87169 543.22706 540.01834 543.65139 540.18036 538.29248
514.19778 520.77552 523.49837 527.12352 532.15194 537.15050 539.14111 540.07688 539.64717 539.30919 535.74348 532.25982 535.75821 531.95912 532.74062
509.10978 513.98291 517.92531 516.64415 524.92575 530.34730 532.65027 532.34870 532.19372 532.29644 531.39062 525.45866 526.97919 525.12760 526.71368
500.99657 506.67541 507.08422 510.43300 516.25892 521.16440 523.36879 526.53664 525.16236 524.90183 522.95891 518.64134 517.70415 517.98644 520.65980
493.47783 498.03938 499.39623 500.39838 506.91116 511.03257 513.11985 517.42069 515.36705 516.26174 514.43079 509.35007 510.09495 512.13341 514.03177
484.91918 489.92081 490.74152 494.01118 497.02674 500.47369 501.67231 506.83646 504.17392 506.29253 505.76287 502.20431 502.14131 503.74103 506.61547
636.50781 644.68102 657.07362 671.29007 684.58260 693.55818 702.68062 709.43973 713.52450 711.99681 710.23396 699.55439 681.75144 665.19811 654.66613
631.80056 638.32195 649.80714 662.63944 674.69715 682.35829 692.36044 697.93518 700.40298 699.15383 695.98903 686.79400 670.33766 657.43904 649.35928
628.75382 634.10316 645.61277 656.87263 667.16611 674.26868 680.78479 686.98219 690.01384 687.74885 685.71025 677.09549 664.35281 651.98097 645.40755
624.37463 630.96719 640.93410 651.52586 660.71554 667.55699 674.29857 678.53221 681.21831 679.30664 676.02469 669.59145 657.49020 646.84600 641.68841
622.20202 628.07417 637.09088 647.10564 653.87809 660.43306 665.81041 669.54397 672.15671 669.91730 666.76232 660.71236 650.59068 641.80842 637.50438
618.67400 626.14983 632.41180 642.48862 647.66286 653.75196 658.05312 661.63022 663.32621 661.31391 658.61413 653.76975 644.15796 638.22108 633.79872
616.40517 622.32410 629.17422 637.55449 642.75223 648.50337 653.51664 656.49489 657.56051 655.29623 651.64015 647.98369 640.60760 633.76146 630.18740
610.63068 616.84713 624.81128 632.66409 636.71399 642.89972 646.87037 649.66061 650.43859 648.45851 644.68656 641.11309 635.30898 629.64154 628.61543
608.28376 614.83686 622.94858 629.42782 633.52728 638.33082 641.57982 644.52191 644.79364 643.91400 639.06531 636.33918 632.02163 625.66353 625.54988
604.12251 609.94639 618.16107 625.31229 628.97585 633.62177 637.21576 639.11947 639.39977 637.90858 634.72830 631.10787 627.17836 622.46254 620.18401
601.24554 604.96935 614.61061 621.83139 623.69700 630.44528 632.24769 634.20485 633.86564 634.61750 628.47321 627.38965 621.17227 619.47893 615.28142
597.32025 598.50823 609.63302 615.57205 618.24117 624.72385 627.60540 628.04539 628.10027 626.82947 623.12289 620.99745 617.16960 614.05447 610.47688
594.44147 595.78259 602.95668 609.05978 615.40241 619.90281 621.18133 624.18549 624.24857 623.18400 618.74482 616.15675 612.50899 607.59152 606.69109
587.83981 590.15302 596.35576 600.46990 607.20406 615.66276 619.00519 617.39950 619.69903 619.68257 612.65174 610.34083 605.73984 602.11262 602.34180
583.74058 584.60559 593.03573 595.97152 602.27400 610.25807 611.61868 612.13846 612.01048 614.27225 607.16454 604.72048 600.44197 597.07887 597.23500
579.72452 581.36132 588.25177 588.05062 595.90020 603.33798 604.28473 606.46340 607.26195 607.80213 603.69537 597.56553 596.66396 591.36506 593.30907
572.63230 575.98210 582.66998 584.50736 592.14658 597.57818 597.17718 599.37522 599.75041 599.12304 595.80750 591.64631 589.22751 584.58507 587.30569
565.92160 570.22653 575.90820 580.22115 584.20123 588.08422 592.16634 590.51103 590.64577 591.59965 590.35158 584.01855 583.43802 580.95777 582.96755
556.58972 563.80118 570.84921 572.09500 577.39382 581.69490 583.12651 582.71318 583.48659 584.10357 581.54065 576.45432 579.04200 575.21297 576.37745
549.58498 556.69555 563.47083 566.68328 572.42385 573.65064 575.52132 574.56977 574.93617 576.55699 576.14050 571.02063 572.26221 569.04258 570.26966
542.74009 549.90271 557.32224 558.50769 564.94506 566.51103 567.40988 567.56285 567.27344 569.24227 570.85633 564.34995 566.02746 561.06519 563.24775
534.19002 540.93388 547.23669 551.92086 557.61151 558.58255 558.86749 560.93338 560.27455 560.67104 562.64216 557.83952 557.71863 554.92615 554.65555
526.25093 533.29428 539.21521 542.64426 549.03612 549.58237 548.89353 552.80504 551.08930 554.72102 556.33175 551.07175 549.97322 548.14258 547.71607
517.72337 523.91913 530.25057 536.85338 538.15698 540.35203 538.24032 543.25829 539.20368 545.45064 547.24532 545.63276 542.02247 539.92520 539.17320
592.83557 597.06902 597.78669 593.80145 595.77665 598.37213 598.73592 602.76019 605.32672 606.41680 609.09985 605.83205 601.82084 594.47625 580.40329
593.75919 604.86998 609.25867 609.61553 612.90041 612.70889 614.69518 617.52701 619.30759 619.99417 620.56053 617.39573 608.09675 596.03979 578.33905
588.42084 602.11900 608.29701 609.76855 611.58653 611.73990 614.40811 617.25400 618.15736 617.71668 620.46600 617.08497 604.70840 590.72455 572.61249
581.51910 598.82812 605.14902 608.35167 610.20756 613.55129 614.73115 616.38576 618.05753 619.36999 616.67812 613.61127 599.75055 585.46606 566.43583
576.42472 593.16152 603.94316 606.61372 607.66178 611.54193 612.50557 614.08843 615.12830 615.79640 612.28436 607.81248 595.50620 579.09527 558.31837
568.91787 588.52030 600.52553 604.12937 605.37081 611.24811 608.33932 614.55680 612.14362 611.06752 608.11807 604.52892 589.41782 573.95124 554.32054
561.47704 582.07893 595.51377 599.26064 605.36586 607.28913 606.12103 609.96320 608.41325 608.25716 603.13774 594.15349 585.95282 566.35072 547.80665
555.35172 576.35838 592.19463 593.61265 600.45994 603.83572 603.15227 604.72088 604.53483 603.15917 597.99143 589.02863 579.95312 561.82802 542.47310
548.72270 570.69015 586.68968 589.98497 596.38360 600.25582 600.16634 600.79889 598.85583 598.12234 593.34019 583.28548 574.42317 556.09488 535.98403
543.01997 563.95809 579.15311 585.07014 591.71646 594.02864 593.74912 596.80623 593.04601 592.20818 587.57427 577.39904 566.78416 546.69077 528.94552
536.46074 557.38016 572.98853 582.58901 582.63084 590.45727 590.84758 591.34673 584.40819 586.34468 578.00822 573.72426 557.14991 541.31262 519.32436
531.93475 547.11725 570.93605 571.09483 577.69187 582.18254 585.01720 586.18977 580.15330 578.27604 571.94231 563.17153 551.76989 534.30629 514.92128
525.64069 545.18832 560.54317 562.44214 574.22333 577.41149 573.98957 580.96564 577.91907 570.13189 566.14816 554.89303 544.72123 528.12628 509.11529
518.26477 533.59894 548.83704 548.31929 557.57330 570.43406 574.54979 572.02043 571.76844 562.51663 554.26303 548.53109 532.19146 521.06423 501.09610
507.30012 526.25426 544.18218 545.81671 561.05948 564.26875 567.94175 563.97413 555.86804 561.22709 543.49123 543.99137 527.54693 512.05627 493.48041
499.77156 519.87098 533.02440 533.14835 545.33346 554.47324 555.31192 556.84299 555.50247 549.22598 543.42166 533.79761 520.50527 502.57804 483.68744
491.13838 506.94998 519.62589 531.02627 542.04330 548.77617 546.25589 548.15729 548.75692 539.68320 529.46553 524.82953 508.76621 488.60257 473.28094
482.91005 502.82160 511.34918 526.63554 532.90325 537.27187 543.42418 538.85253 534.04721 530.34294 523.94196 513.18431 498.30490 487.92228 466.62348
468.73880 492.26473 504.32327 511.60930 519.95328 532.82674 531.42521 529.61064 526.83528 524.52083 512.95246 502.74761 491.83867 478.16963 453.29981
458.88884 481.13009 492.86504 505.78264 512.83069 518.59048 522.64181 518.48507 518.65458 513.91289 502.42350 491.13550 479.71707 465.83308 444.92644
451.52544 470.11477 486.35579 493.67609 503.16263 509.90527 511.27398 510.21997 507.52677 504.71277 492.97786 482.63990 470.13657 455.30560 437.88710
440.76777 460.53233 469.68815 486.26786 492.87550 500.53103 500.55234 500.61531 497.27522 493.42611 483.42471 474.32922 458.46013 445.73970 426.53613
429.32826 449.05206 461.71356 472.17941 482.92815 488.94934 489.16781 488.02883 485.85204 482.97127 473.60064 461.49791 449.09226 434.43317 418.65440
419.24859 437.13871 450.40935 462.00056 471.82236 477.23025 476.32435 476.19503 473.07376 471.97297 463.19867 450.62850 438.72078 424.67379 408.63430
602.59822 591.82526 585.20254 578.26189 579.08706 581.98406 581.20389 585.33579 588.19535 591.28294 596.74968 596.71680 600.00097 604.84839 608.64302
609.55297 603.39199 597.71955 590.36881 592.11566 591.79827 592.74792 595.95706 599.64228 603.36343 608.42887 610.42757 610.23779 613.47029 613.39066
609.41364 604.72867 598.48654 592.11013 591.65731 591.64936 593.24425 596.71296 600.42084 604.81118 610.98964 614.30686 610.67057 611.95478 609.16808
607.43065 605.22481 596.91946 591.99564 592.76036 594.79480 595.29579 599.44437 604.15659 608.50921 611.00671 615.68104 609.75146 609.65704 603.52176
606.02662 604.15463 598.76960 591.27705 591.93874 594.99868 596.39274 600.49316 603.55828 608.01125 610.56165 614.54640 609.83243 607.03930 597.45424
602.48227 603.29343 598.63007 592.09016 591.90912 596.40822 595.37852 602.03603 603.82759 606.91775 610.48054 615.09923 608.63103 603.55034 593.20043
598.09000 602.12813 598.73769 591.85052 595.23828 596.98668 595.25156 601.33998 604.04257 608.15686 609.22922 609.91313 609.03314 597.75174 587.06006
593.27962 599.71318 599.39389 591.77488 595.12800 598.26692 596.64423 600.19563 603.57671 607.06941 608.26271 609.00578 606.76965 594.97667 582.26616
587.67550 597.26198 599.83101 593.20528 595.41025 598.48933 597.55674 599.80235 602.89656 607.24347 608.04372 606.86841 602.65088 589.32086 576.39890
582.02560 592.27099 596.03048 592.84600 594.45221 597.20774 594.79506 600.14066 601.30143 606.45011 606.85825 603.06297 597.77321 582.30828 570.07796
575.83264 587.23740 593.53440 592.91335 590.88870 597.46409 595.89795 598.20448 598.75939 603.71817 601.83990 600.51851 590.08330 578.06978 561.43296
571.71978 579.55436 591.80365 588.21526 590.16238 594.12721 594.15669 596.61610 596.61923 599.20024 596.95976 592.51653 585.78114 572.18816 556.94765
565.32196 576.77204 583.93784 582.63262 589.34923 591.72968 588.37299 593.80509 596.28874 593.45960 592.61986 586.56577 580.63854 567.35321 551.04763
558.56392 568.56028 576.29984 572.50119 578.67028 588.25068 588.05632 587.92219 590.40439 587.21806 584.37490 581.68253 570.15648 560.85163 543.50898
548.86730 562.38116 572.36642 571.30121 580.15772 583.12720 582.31647 580.19406 577.81411 585.35264 575.80168 577.49279 565.24198 553.43951 536.24551
541.29457 556.52456 564.62561 562.26521 568.12142 575.05416 572.97776 574.17234 575.70522 575.65232 574.37800 568.91731 559.13390 544.79651 527.39716
533.13574 545.89675 554.11909 559.89017 565.84660 570.75936 565.01624 566.34695 569.31696 568.19076 563.30297 561.41966 549.22419 533.31312 517.68030
525.31250 541.25613 546.98329 555.91504 558.72216 561.65398 562.10198 557.54702 558.00728 560.18640 557.55605 550.76986 540.42782 530.61935 510.77036
512.88941 531.59800 540.47368 543.88293 548.32692 556.39268 551.05639 550.35925 551.35121 553.94047 548.17581 541.61930 533.91076 521.31196 499.05743
503.28084 522.18921 530.75341 538.29055 541.92317 544.50066 543.55186 540.20668 543.37996 544.70359 538.89714 531.27148 522.70308 510.57209 490.10081
495.37072 511.77699 524.44109 527.57808 533.26862 536.04805 532.94022 532.32742 533.05853 535.18559 530.58381 522.72085 513.47183 500.12944 482.75861
485.00119 502.73957 510.29772 520.56263 523.88294 526.22212 522.86739 523.11375 524.08150 525.01747 521.58079 514.57057 502.58787 490.58650 472.13902
474.30460 491.87692 501.91050 507.69999 514.72054 516.32439 512.12529 512.81436 512.60215 515.47684 512.05066 502.94604 493.10268 479.55418 463.30950
463.99610 480.45094 490.94443 498.70269 503.49979 505.60266 499.38557 502.02078 500.37886 504.81126 502.06160 492.71163 482.69596 469.48427 453.23808
602.77062 588.87890 583.72216 579.29729 580.93760 582.93435 583.20100 585.89310 587.55396 589.89366 594.05878 593.97354 596.72879 605.03677 618.97349
607.97544 594.16637 588.92629 582.68014 585.11847 584.35013 584.86023 587.41215 590.84577 593.85789 598.71671 600.02180 601.87447 611.58387 622.85826
609.76294 595.96606 588.68296 582.62521 583.45603 583.56404 584.33009 587.24859 589.89135 593.75515 599.55943 602.36443 603.50938 610.53024 619.44173
610.33835 596.74620 586.43988 581.56706 581.81394 584.14056 584.47999 587.51909 592.21361 597.02956 598.95486 605.26260 602.66127 610.13927 615.58679
611.84709 598.29005 588.43388 581.26782 581.24148 583.33866 584.37603 589.05784 592.60576 596.50161 599.54341 606.50485 604.93284 611.04597 613.31331
610.91728 598.23715 588.80604 580.66011 580.85860 584.92168 584.39898 590.60492 593.16138 596.30825 601.72649 608.20158 606.24035 609.74098 611.15131
608.30433 599.27013 588.60947 579.49462 582.21080 584.06532 583.03882 588.24180 590.70230 596.56366 600.13880 603.45639 608.31037 604.85262 607.20512
604.92367 599.55032 590.19155 580.72305 582.35720 584.92951 584.38282 588.38065 592.83427 596.96432 600.02007 605.93011 609.08259 604.47682 604.30533
603.14550 599.06358 592.31749 582.21704 583.27804 586.50957 585.25359 588.12744 592.99688 597.58225 600.75681 606.06525 606.84817 600.85404 600.22130
599.94950 596.01949 591.72232 583.82592 583.67608 587.17921 584.82873 589.68880 592.37745 599.73128 603.91877 605.08249 605.11071 597.04309 594.70721
595.74133 593.23253 591.77841 584.26392 581.21059 586.71513 585.55174 587.29531 591.81686 599.22773 601.59102 603.87856 601.03754 595.31616 588.25928
593.07131 589.94961 590.85265 583.10911 582.18335 586.02029 584.38213 588.18800 592.33198 597.70257 598.73578 598.73737 598.47269 591.53689 584.76842
589.21242 588.31234 585.08804 580.23914 583.10043 585.88279 582.33192 588.64751 592.34531 593.77258 596.18984 596.34265 595.48913 588.19905 580.36192
584.23063 583.21630 582.06536 574.16932 577.86047 585.60585 582.68339 584.25256 588.69860 589.13974 591.93506 592.30247 588.21171 584.49855 573.79129
576.50516 578.59222 579.76027 574.77571 578.24810 581.65682 578.23463 578.00182 579.05766 587.97514 585.36667 588.41281 583.68161 578.96160 568.03649
570.01261 574.41678 573.24877 568.26889 569.71415 574.40433 570.80348 572.91362 577.44572 581.79856 584.77435 583.76904 579.84195 572.41347 560.81520
563.58426 566.25043 567.11425 566.97583 567.82191 571.10622 564.98326 565.94186 570.71094 575.03942 576.58647 577.92297 572.20140 563.78921 552.94854
555.75987 561.99592 561.10210 563.58857 563.02232 564.96043 562.86351 559.92281 562.02422 569.19110 571.81388 570.10461 566.01285 561.64993 548.29976
545.44737 554.03485 556.21876 554.81921 554.89360 559.70164 552.86317 552.65228 556.24953 563.19068 564.36048 562.90528 559.68159 553.14670 538.50087
537.09063 546.12470 548.90580 550.21621 549.61058 549.12893 545.90861 542.91434 548.65564 554.78415 556.21440 554.48665 551.41387 544.46924 531.76585
529.96212 537.63637 543.00528 539.74202 541.45222 541.15505 535.71832 535.26199 538.60457 546.21610 549.49842 547.22756 542.72081 536.30024 525.60453
521.46956 528.52630 531.23319 534.62521 533.30463 531.88812 526.87288 528.67226 531.10504 535.75024 541.54841 540.84437 533.98456 528.38928 516.64667
511.51756 519.33047 523.57214 523.16323 524.58499 523.43705 517.17313 519.92104 521.10099 527.35764 532.29072 531.86158 526.28196 519.42250 509.24664
501.41807 509.63591 512.52888 515.50332 513.68011 512.96846 504.77272 510.24867 508.75693 517.85259 523.48118 523.14368 517.92950 510.18495 499.28543
611.16370 600.49398 598.61062 598.94620 602.98978 605.17794 604.61141 606.55506 607.07391 606.44566 609.46795 605.89661 606.22767 614.23009 628.18084
612.49703 600.55522 597.75949 596.91417 599.41807 601.04131 601.63598 602.99046 603.03746 604.29944 608.40429 606.80110 607.30734 615.47394 628.06329
613.24448 601.46111 594.85841 594.92438 595.99736 596.63200 597.99752 599.92851 600.91968 603.16835 606.19148 607.52579 607.00209 614.67704 624.68353
613.91285 601.17944 592.81913 591.49542 594.07346 596.04928 596.89576 600.40089 602.21564 603.56460 605.37447 610.20732 605.05402 614.16126 622.12754
615.14290 600.73790 593.55090 589.72433 591.13545 594.15397 595.98977 598.31909 599.27410 601.45438 604.05832 609.32348 605.74756 613.22067 619.88882
614.53070 600.94821 593.31142 588.47370 588.70876 592.54539 592.70685 597.73149 598.49963 600.84000 603.71805 609.41677 607.51131 611.77904 618.57363
613.31080 602.21574 592.68583 587.43483 588.61557 591.59159 591.38380 595.56257 597.56252 600.66445 602.96317 606.37486 610.39500 609.06519 616.83026
611.38023 603.43998 593.81826 586.66377 588.78467 591.66223 592.11032 595.00642 597.69227 599.49710 601.54743 607.61238 611.67626 607.54957 615.19024
611.19456 602.07191 595.50224 587.28874 587.35662 592.53383 592.11026 594.77556 596.97861 600.53015 603.13379 608.59706 609.36459 606.93675 612.44911
609.49794 598.77375 594.39844 587.14442 586.63154 590.55482 589.45031 593.10834 596.03198 601.65909 604.56458 607.35395 608.60920 604.17693 608.65242
606.85913 597.54388 594.74910 587.81592 585.27929 590.40285 589.40907 592.01924 594.90520 601.48878 603.56518 605.74857 605.96261 604.04312 603.86749
604.85614 595.44696 592.59242 586.51878 585.97570 589.43974 588.59840 593.43528 596.63234 599.84186 600.85073 602.81095 604.55259 601.38705 601.39925
603.01752 593.84564 588.11840 582.73980 586.38075 589.06567 586.71987 593.35039 595.46394 596.21523 599.08800 599.79787 602.46486 598.51869 599.70514
598.29632 589.72991 585.08680 576.81426 580.40635 588.04582 586.69900 588.12178 591.04451 592.17277 596.06781 598.38771 597.63635 596.62156 595.39234
592.63479 585.85221 583.22745 577.21617 579.17489 583.58229 582.33787 582.05467 583.35962 590.58373 590.30971 595.96513 593.24201 592.86997 591.42831
587.99737 582.74404 578.20049 571.75552 572.01079 578.18262 575.04826 577.36431 582.16324 585.91515 589.25069 590.24107 590.81457 589.66409 587.32564
584.30098 576.10403 574.05705 569.93018 570.43199 575.78650 570.19891 571.18424 576.00522 580.01169 582.11250 586.49451 585.31756 582.62329 581.37958
578.17756 571.84105 569.19797 567.16041 566.00535 568.95172 567.80604 565.96085 567.75126 574.87116 577.53932 579.99920 580.19480 582.10237 577.18388
570.56369 566.78818 564.41150 559.81571 558.74579 564.35930 558.35681 559.18110 562.53644 569.95757 571.32815 572.57200 576.65083 576.03467 569.43687
563.20411 560.62987 557.63021 554.90223 553.84731 554.71035 551.10087 549.75516 554.64359 562.09958 564.87109 566.42801 569.19282 568.93052 563.47787
558.01168 553.88474 552.95452 546.48710 547.02700 546.98893 542.91661 544.82404 547.23338 552.99677 557.62130 560.89608 562.24614 562.12331 557.38218
550.66160 546.25448 542.68494 540.25706 539.77064 539.23497 538.06558 540.70833 541.14197 543.91846 551.59827 555.20921 555.76925 554.40987 550.04435
541.19356 540.32226 536.21524 529.93111 531.28144 530.94475 528.90169 535.10574 532.76663 536.19432 544.38686 550.82725 549.86484 546.65270 542.09945
531.84832 532.48959 526.63211 523.96450 521.09431 521.90612 519.68070 527.37298 523.90415 527.94884 537.21145 543.91732 541.66968 537.81054 533.62808
622.49431 617.44336 617.24261 623.22488 629.77949 632.42646 632.69644 633.67492 632.53137 629.07553 627.36807 623.33178 622.23205 626.28797 635.01358
620.81559 614.95480 614.44211 617.23483 622.56159 624.27580 626.74859 627.38185 625.96770 622.45822 623.33858 622.68639 619.07684 625.10481 632.22076
621.15159 613.07298 611.84255 613.31024 616.54639 618.98287 620.97040 621.80462 619.97379 618.99789 621.50034 622.00652 617.18297 623.33386 628.44724
621.31274 611.64718 610.38280 609.89484 612.49144 614.84498 616.77192 618.27982 618.20476 618.62896 620.82011 620.13335 614.81078 621.71247 626.54500
620.12648 611.31798 608.46299 607.64384 608.12340 612.02496 613.74228 614.99818 615.30700 617.39817 617.56681 618.97855 616.35250 619.19862 623.13436
619.23855 610.61121 605.14654 605.47304 605.94853 609.27677 609.89330 614.40830 614.76347 615.02244 614.99947 619.09701 617.09120 617.08716 622.95940
616.94027 611.28483 604.27079 601.88318 605.28350 609.41497 608.43246 613.42077 612.97709 613.00689 614.44072 617.28834 617.28590 613.55949 621.28939
616.26983 609.37524 605.43422 599.65736 602.49766 606.71074 607.91256 609.68219 610.70181 611.61727 613.16457 616.83305 615.56778 611.65499 619.45824
615.51934 607.55245 605.91559 599.45219 599.94927 605.16783 606.55727 607.89143 609.93886 613.50719 613.65708 615.08661 613.64716 610.83305 616.27805
614.57115 604.86714 604.18908 599.68448 599.61516 603.34817 602.85495 607.23587 609.83706 613.66120 612.62677 612.85815 613.43559 608.11884 613.23119
611.35472 602.53653 600.68815 599.18453 599.11868 603.66625 603.82732 606.53174 607.59874 611.31066 610.43420 611.01875 609.96696 607.92352 608.04226
608.85142 599.85046 597.17203 596.17949 596.80995 601.76226 601.98532 605.79959 607.15022 607.74770 607.01906 607.26214 608.40613 604.90025 606.33570
606.27684 597.46632 592.78923 589.93866 595.60947 599.18784 598.77897 602.75015 603.79503 603.03983 605.35166 604.87322 606.03747 601.74595 604.95328
602.01443 593.03513 590.42060 584.10591 588.17268 595.58473 595.65277 595.81871 598.27896 600.40509 601.51594 602.52264 600.91447 599.43547 601.75641
597.04419 589.51348 587.06721 583.92392 587.31202 591.04754 589.71232 589.12030 591.36033 597.09454 596.05334 599.40872 596.86050 596.86572 598.54400
594.36648 586.09789 582.24876 578.67787 581.68815 586.66191 583.07154 584.92600 589.22781 592.03076 594.57055 593.33837 593.14612 594.62570 592.72673
589.86322 580.29686 577.23343 575.61116 577.43303 582.89113 578.93550 579.50326 582.89707 585.70154 586.43556 588.65075 589.00095 589.20615 589.56909
585.24188 575.55190 572.77655 572.38957 571.78260 575.82779 575.51575 573.80880 573.80602 579.81904 582.18429 583.34803 584.92573 588.40171 585.28473
577.61885 570.41092 567.24348 565.33028 564.94995 570.80908 565.82197 567.50617 570.12687 574.66539 575.00556 577.87768 580.93051 582.80586 578.30777
572.03982 565.23678 561.16972 558.93506 559.04227 562.21872 559.51907 559.75798 563.01974 567.00424 570.14426 570.09014 574.92730 575.93841 573.24758
566.11814 557.82679 556.83442 549.60664 552.69859 554.71522 553.41399 553.58002 555.10086 557.90323 562.30992 565.28716 569.01244 570.09233 567.80744
558.11795 552.82817 546.10398 544.23139 545.74647 545.67646 545.97678 547.39176 548.22697 549.35485 556.61567 560.59203 561.97588 563.16038 560.79852
549.33632 547.02542 540.37003 534.78837 536.95844 537.18974 535.64156 539.29348 539.46824 542.21061 550.19458 556.13876 556.12877 554.46642 553.75379
540.57317 538.77856 533.19188 528.56798 526.38424 527.74830 525.38692 530.00882 528.15445 534.76451 545.11657 549.37439 548.52179 547.97263 547.06095
660.77408 657.54967 660.61037 671.03507 677.71503 681.23456 682.75321 682.23827 679.39146 674.03506 670.17686 665.14536 663.53021 661.75166 662.85887
655.68644 654.61305 656.14873 663.16295 669.04027 672.10777 673.91207 673.49636 670.03317 665.69787 665.46086 663.18261 660.37810 656.03259 659.12458
652.32092 652.98851 653.80063 658.13874 662.65679 664.15856 666.77112 666.41183 663.85747 661.46935 662.56211 662.83583 657.71882 652.45920 655.99456
649.65203 651.15741 652.85104 654.19144 657.70694 660.41733 661.64316 661.43496 661.22834 660.42781 660.98184 661.04747 652.22662 649.58839 653.20363
647.76075 647.86179 651.01716 652.08649 652.95741 655.21958 656.48544 658.27594 658.05071 658.14782 658.46074 657.81848 649.59193 648.10171 649.78677
646.10744 644.02024 646.88852 650.05629 650.25296 653.89850 653.17381 657.22891 657.13472 657.64194 656.87024 654.26137 646.52154 644.64326 648.27452
644.41330 640.67997 643.92750 646.31341 648.65811 652.82649 652.30079 655.42234 654.87655 655.18320 651.98411 648.80219 645.85761 642.93699 646.15977
642.93678 637.97697 639.94191 642.85832 645.77156 650.05192 650.94155 652.88633 652.27359 651.18126 648.01045 646.41149 645.07395 639.80696 644.57123
641.50827 636.43776 636.28272 638.09595 642.10149 647.42592 648.43647 649.20446 648.97560 647.92023 643.21386 644.82768 642.06608 637.34074 641.22246
639.37591 633.88255 634.31064 632.65188 636.50053 641.26925 642.75597 644.83716 644.24096 643.87782 641.67240 642.43911 641.15696 634.71165 638.77343
636.67096 631.22808 630.53890 629.38276 631.21073 636.58002 637.75710 638.84309 639.00869 641.23328 640.04252 640.05649 636.43554 632.65887 634.78332
633.45060 627.70698 627.65688 627.29959 626.95324 633.40865 635.15153 636.78363 638.54986 637.75645 636.63182 635.41693 635.20771 629.75542 634.32762
632.32315 624.36799 623.66806 621.33392 625.76938 631.06145 631.74560 634.01168 635.33915 634.03770 633.96999 632.08259 633.19768 627.62495 632.30086
629.77712 619.07300 618.90452 615.55673 619.24791 626.24774 627.79424 628.56724 631.57317 631.06129 629.98602 628.52890 627.00542 628.48242 628.55571
625.64768 615.54815 616.17270 613.01210 618.12055 623.07117 623.40640 623.24890 624.13265 627.78588 623.91959 624.92546 624.06712 626.42398 623.88412
622.19447 612.64764 609.75399 607.21393 611.55657 617.86209 617.47780 618.61030 620.55610 620.29054 621.75917 619.90709 622.49763 623.16783 617.81612
617.18225 606.92358 604.04710 603.22684 607.17215 612.32838 611.61521 612.69291 614.04444 615.17126 614.31893 616.28328 619.03041 616.42621 613.90208
611.31422 604.44191 601.00220 598.57348 600.80060 606.36643 606.66214 606.38432 605.77832 608.69725 610.61674 612.53504 613.78105 613.09396 609.27369
602.99413 599.93662 595.06398 592.22339 593.47689 601.02966 599.59690 598.16880 600.67064 604.06621 604.00906 607.63886 608.40453 606.99240 603.09330
596.06747 593.42607 591.26389 586.52531 587.30846 591.99330 592.03923 591.83227 592.42086 596.86611 599.15255 600.19466 601.86854 600.17523 598.55663
590.26560 586.69952 587.77208 579.03893 581.48947 585.07551 584.48945 584.48220 586.68460 591.04188 593.78601 594.55616 594.05858 595.62566 591.51433
582.56762 580.42582 577.79599 576.00333 575.48937 577.88222 576.23821 581.01430 581.65566 583.80073 588.39003 588.58580 586.10118 588.33697 585.66454
574.38525 571.56209 570.44943 567.69029 570.20664 572.39429 569.86325 574.04495 573.94873 578.03063 580.39770 581.69527 579.97038 579.62615 579.12001
565.76300 563.20258 560.71886 561.88981 560.89789 562.78342 559.48374 566.57637 564.63283 570.24799 573.96530 573.71277 573.16829 572.47599 571.18834
695.09588 697.74987 710.25008 724.48567 734.18515 737.93077 739.81013 737.24023 732.01733 726.20505 719.18674 707.62571 701.27941 697.71374 695.49279
690.91819 692.42083 702.18901 714.62971 723.50796 727.52617 729.82275 728.20125 723.95192 718.15587 710.84119 701.06968 696.86312 691.54387 690.42171
685.87833 690.15088 696.14442 706.45703 715.07273 719.37981 720.64487 720.23971 716.07151 710.60700 704.40071 699.02376 693.34992 687.76599 687.04529
683.67235 687.49312 691.63946 699.04306 706.52230 710.82360 713.70428 712.69633 709.06408 703.27742 699.25585 698.03049 687.71242 684.77706 683.54682
681.69615 683.27444 688.35652 693.84902 698.34706 702.87946 704.49980 704.31250 701.51290 698.06465 695.98525 693.03957 684.72957 681.85699 680.85796
678.33954 680.77601 684.12929 689.55535 691.57105 697.06219 697.57981 698.85831 695.98452 694.25971 692.61756 688.83110 682.29644 678.15065 680.12076
676.26105 676.35602 679.32085 685.00843 688.56680 691.91875 692.62355 694.17701 693.00193 691.99152 687.21528 685.04477 679.55486 675.07397 679.10697
673.05304 673.50615 676.28535 679.60879 684.09985 689.26132 690.22619 691.08670 689.81477 687.45609 683.03340 680.42680 676.90021 671.96297 678.97531
672.53300 669.36192 672.74022 674.16195 679.15329 683.79497 686.18260 685.51599 685.22619 684.30059 680.81331 677.53690 673.90363 670.10266 675.40537
670.79407 666.04621 668.33839 671.07314 673.33258 678.12949 679.67400 681.77463 681.91860 680.61798 677.58368 673.96245 671.36206 669.69175 671.43695
669.77720 663.03935 663.74448 665.53015 669.32042 675.59176 675.50088 677.56463 676.65340 676.09428 672.99684 671.28701 669.04533 669.60565 666.93505
667.38581 660.33153 660.67693 661.33444 664.66804 670.13748 671.55342 672.36668 672.65057 672.20485 669.39001 666.96225 668.23178 666.24554 663.97229
666.02052 659.69526 655.27108 655.44380 659.96510 665.20296 665.74619 668.05864 668.60792 666.87727 666.70444 664.03852 667.48242 662.87202 660.48200
661.86430 655.45473 651.68918 648.38525 654.51642 661.16404 662.03634 662.05752 663.88286 662.82714 663.14547 663.39133 661.87055 659.25711 657.70087
655.95728 651.93761 650.51291 646.09741 650.63766 656.10548 656.32348 656.40342 656.03254 660.56883 659.11010 661.00645 656.89402 655.65758 651.71005
650.78123 647.18457 645.06943 641.03184 644.93514 650.70680 650.15419 652.13754 653.59274 655.54964 658.53198 655.75635 652.67897 651.09276 646.46431
645.54342 640.67136 641.06023 639.25518 643.20891 647.46854 646.91655 647.67517 650.50028 652.80549 651.39100 650.31090 647.75771 644.47443 641.73492
639.81871 635.70807 634.89395 635.47231 638.81372 642.64211 645.81361 644.26601 644.18599 646.31538 646.22314 644.16653 641.80464 641.23600 636.41654
632.07913 629.76379 629.63935 629.99422 631.64222 638.68250 637.95760 637.27966 639.90997 640.91986 638.83046 636.26906 637.11369 635.66886 630.81053
624.63391 623.61796 622.90260 622.12232 625.62618 630.92339 631.75821 632.11297 632.93425 633.14585 632.05920 630.40138 630.93885 627.90116 624.46672
618.93696 615.34394 617.18032 614.65130 618.48877 623.99334 624.15678 625.31316 624.97837 625.70768 624.52433 625.30932 622.87657 621.04217 618.26684
609.99358 608.47612 607.30667 608.53946 610.73844 615.30684 615.75157 619.23197 618.71313 617.02095 618.75769 618.22648 614.28946 613.17092 612.71655
601.74108 599.01183 598.82034 597.60886 603.19442 606.79971 607.76365 610.38246 608.57356 610.81559 610.82944 611.32018 607.91538 605.18636 607.10997
592.71694 591.62749 590.18017 591.49470 593.36490 597.48295 595.71782 601.89650 598.45087 602.18074 603.44485 603.68539 600.05083 597.22515 599.02689
734.83234 743.39714 759.04993 776.77853 786.93218 790.65541 793.57055 789.34873 781.63829 773.86400 766.64611 754.86961 743.77584 736.04170 736.31759
729.97558 736.76215 749.64509 765.71075 775.74259 778.60390 781.69218 778.36557 771.39921 764.89348 757.27310 746.56755 737.13039 729.12030 730.60032
724.81357 731.96027 742.46728 756.44924 765.92048 769.69155 770.35371 768.53495 762.30534 756.35353 749.66487 741.55493 733.13927 724.82297 728.99877
722.06126 726.98150 736.63095 748.20521 756.37381 760.67466 762.80184 760.99954 756.35281 750.60431 743.66857 736.71617 727.87283 723.11086 724.89809
720.31104 722.27904 730.83297 741.16427 746.98465 751.71032 753.65919 752.34202 749.09603 743.68326 738.30094 731.57627 723.67739 720.99702 722.07838
718.03328 718.16315 725.77861 733.52755 738.48191 743.97257 745.96262 745.25969 741.99633 736.59648 733.00195 728.41120 719.79968 720.71533 719.88326
718.60311 715.45536 719.64402 726.76622 732.38518 735.80347 739.14939 739.21151 737.28379 732.53903 727.32885 723.72436 719.05710 716.44871 716.70942
714.54804 713.25186 715.97810 720.48687 726.16645 731.30559 733.07292 732.88626 732.28818 727.94883 722.21745 719.57709 718.43050 713.26721 713.59595
712.31347 712.28275 712.26183 715.06278 720.40004 725.84392 728.30502 728.99415 726.92061 724.53002 720.17439 719.37989 717.22297 709.88485 710.05441
709.29563 709.04473 710.38721 711.53227 715.01701 719.45459 722.06649 723.83801 721.95330 721.27743 718.11092 716.82939 713.62067 706.79798 705.42783
705.66431 705.84258 707.35798 706.07573 710.14342 715.76102 718.52120 719.11621 718.30804 719.31198 715.94509 714.43574 709.14945 704.45281 701.26771
702.74787 700.79230 703.77269 703.01322 707.60399 713.30815 714.15986 715.94095 717.28448 716.45986 713.02859 709.01964 705.40701 700.94636 697.92474
699.81042 698.95573 698.86136 699.69400 705.81498 711.81809 711.65261 713.96054 714.53614 711.58184 709.01992 703.10418 702.55060 697.26622 693.95885
695.83681 692.39189 692.19971 692.75731 698.38110 707.52229 708.00087 709.68282 709.51446 707.39436 704.40738 701.30632 697.61203 693.95751 690.66653
690.02857 687.30825 688.96701 689.37189 695.82068 702.52833 702.04845 702.94729 701.65684 703.04731 698.81103 695.62685 691.18656 689.60611 683.81115
683.74985 682.81433 681.75034 682.66624 689.45819 695.65506 695.21419 697.14923 696.33998 696.24634 695.59057 690.69844 687.19805 684.08495 678.30874
678.69053 676.61480 676.69101 678.73098 685.00871 689.94850 688.92269 690.40303 691.30467 691.13560 687.74136 685.03911 681.62759 677.54101 673.15804
671.57093 670.44712 670.22991 673.81766 677.61494 682.77011 685.30356 683.87361 683.22511 683.73671 682.04190 678.65599 675.43384 673.73386 667.29125
664.05962 663.86410 665.79846 666.06690 670.83771 675.48203 676.21005 676.63652 677.36114 677.74318 675.18894 670.46148 670.27076 667.61792 661.91775
655.80213 656.69393 658.69243 659.70499 663.60968 668.79644 668.64786 668.64914 668.74462 671.59453 667.88953 664.59795 661.81699 660.36161 654.05893
650.50417 647.73503 651.64470 651.64092 655.60540 661.80539 661.00705 661.74604 662.05934 662.99107 660.83877 658.16916 655.35658 652.58309 647.34501
641.90231 640.39041 641.33688 644.69261 648.00524 653.06004 652.60346 654.35616 654.73808 654.44672 654.52131 652.26404 647.29358 644.83716 640.69039
633.61817 631.96011 631.81550 634.46927 641.36404 643.62110 642.82662 646.38012 645.90045 647.44996 645.06406 645.75662 641.21486 636.78291 633.14640
623.43622 624.99782 623.31260 625.83487 631.18073 635.10071 630.86522 637.39766 633.86882 637.49218 637.29958 638.00808 632.85473 626.87208 626.02358
