1.92800 1.89244 1.87259 1.85075 1.83250 1.81360 1.79864 1.78943 1.78524 1.79030 1.79631 1.81164 1.84049 1.86909 1.90364
1.93741 1.90956 1.89613 1.88354 1.87023 1.85020 1.83800 1.83035 1.82753 1.83251 1.83990 1.85459 1.87686 1.89504 1.92820
1.94112 1.91701 1.90604 1.89431 1.87989 1.86411 1.85379 1.84600 1.84240 1.84612 1.85930 1.87493 1.89025 1.90427 1.93240
1.94557 1.92650 1.91394 1.90468 1.89209 1.88096 1.87082 1.86289 1.85942 1.86648 1.87241 1.88688 1.89875 1.91133 1.93662
1.94983 1.93119 1.92526 1.91599 1.89882 1.88948 1.88086 1.87512 1.87286 1.87742 1.88342 1.89535 1.90944 1.91600 1.93389
1.94642 1.93867 1.93570 1.92387 1.90788 1.90111 1.88668 1.89017 1.88438 1.88855 1.89459 1.90920 1.91561 1.92339 1.94778
1.94777 1.94502 1.94044 1.92734 1.92230 1.90831 1.89820 1.89958 1.89568 1.90248 1.90632 1.91260 1.92722 1.92771 1.93966
1.95237 1.95107 1.95030 1.93253 1.92826 1.91836 1.91062 1.90877 1.90759 1.91197 1.91757 1.92369 1.93658 1.93812 1.95097
1.95874 1.95638 1.95585 1.94147 1.93716 1.92913 1.92432 1.92188 1.91801 1.92370 1.92867 1.93362 1.94540 1.94394 1.95296
1.96481 1.96100 1.95782 1.94844 1.94622 1.93567 1.93073 1.93473 1.92909 1.93358 1.93870 1.94222 1.95010 1.94522 1.95611
1.97542 1.96684 1.96400 1.96190 1.94587 1.94880 1.94539 1.94517 1.93399 1.94282 1.94124 1.95555 1.95211 1.95436 1.95431
1.98427 1.96613 1.98042 1.95758 1.95433 1.95300 1.95374 1.95546 1.94716 1.94927 1.95071 1.95713 1.96212 1.95924 1.96526
1.99131 1.98319 1.97720 1.95907 1.96701 1.96321 1.95314 1.96394 1.96244 1.95596 1.95997 1.96221 1.96856 1.96605 1.97532
1.99323 1.98065 1.97546 1.95028 1.95354 1.97078 1.97406 1.96785 1.97296 1.96497 1.96031 1.96948 1.96630 1.97364 1.97552
1.99422 1.98466 1.98924 1.96730 1.98162 1.98031 1.98316 1.97284 1.96453 1.98334 1.96169 1.98231 1.97944 1.98045 1.98125
2.00205 1.99483 1.98740 1.96440 1.97089 1.98381 1.98018 1.98179 1.98579 1.98343 1.98391 1.98640 1.98711 1.98226 1.98373
2.00385 1.99065 1.98357 1.98285 1.99264 1.99449 1.98561 1.98877 1.99538 1.98771 1.98073 1.99253 1.98572 1.97929 1.98513
2.00941 2.00767 1.98962 1.99853 1.99629 1.99626 2.00359 1.99409 1.99186 1.99432 1.99472 1.99253 1.99015 1.99893 1.99374
2.00650 2.00881 2.00112 1.99206 1.99567 2.01221 2.00343 1.99998 2.00096 2.00506 1.99856 1.99701 2.00048 2.00189 1.99319
2.01069 2.01117 2.00259 2.00678 2.00569 2.00855 2.00960 2.00346 2.00840 2.00963 2.00226 1.99952 2.00049 2.00198 1.99707
2.01848 2.01213 2.01432 2.00505 2.01124 2.01520 2.01257 2.01172 2.01144 2.01629 2.00905 2.00619 2.00551 2.00448 2.01086
2.02183 2.01709 2.00521 2.01494 2.01440 2.02184 2.01706 2.01752 2.01592 2.01926 2.01515 2.01436 2.00717 2.00958 2.00904
2.02079 2.01814 2.01369 2.01238 2.02036 2.02343 2.02035 2.01829 2.02007 2.02276 2.02077 2.01367 2.01323 2.01149 2.01591
2.02454 2.01859 2.01528 2.01603 2.02291 2.02498 2.02089 2.02086 2.02059 2.02688 2.02545 2.01677 2.01586 2.01665 2.02130
1.96639 1.90889 1.86998 1.83819 1.81509 1.78665 1.76952 1.76071 1.75618 1.76265 1.77050 1.78701 1.82211 1.86600 1.91901
2.00596 1.94270 1.90350 1.87632 1.85407 1.82422 1.80721 1.79707 1.79258 1.80030 1.81137 1.82747 1.86448 1.90431 1.95633
2.00435 1.96001 1.92211 1.89364 1.87099 1.84316 1.82836 1.81859 1.81376 1.81898 1.83194 1.84993 1.88450 1.91963 1.97001
2.00802 1.97241 1.93611 1.91182 1.88773 1.86638 1.84982 1.84046 1.83415 1.84197 1.84973 1.86956 1.89904 1.93393 1.97579
2.00454 1.98057 1.95250 1.93060 1.90301 1.88343 1.86937 1.86001 1.85341 1.86046 1.87112 1.88410 1.91454 1.94685 1.97864
2.01241 1.98881 1.96700 1.94690 1.91887 1.90071 1.88353 1.88107 1.87337 1.87997 1.89067 1.90077 1.92839 1.95692 1.98755
2.00996 1.99664 1.97877 1.95699 1.93936 1.91709 1.90072 1.89685 1.89152 1.89963 1.90885 1.91795 1.94724 1.96623 1.99582
2.01424 2.00554 1.99207 1.96753 1.95253 1.93496 1.92172 1.91529 1.91126 1.91691 1.92759 1.93600 1.96297 1.98001 1.99974
2.02249 2.01318 2.00278 1.98259 1.96789 1.95245 1.94153 1.93579 1.92988 1.93563 1.94610 1.95348 1.97698 1.99002 2.00855
2.03483 2.02015 2.01077 1.99646 1.98121 1.96436 1.95515 1.95456 1.94688 1.95227 1.96061 1.96980 1.98847 1.99853 2.01522
2.04321 2.02984 2.02200 2.01176 1.98964 1.98284 1.97253 1.96840 1.95936 1.96831 1.97049 1.98727 1.99691 2.00975 2.01928
2.05411 2.03407 2.03882 2.01410 2.00088 1.99178 1.98680 1.98326 1.97521 1.98013 1.98448 1.99482 2.00947 2.01867 2.02760
2.06213 2.05087 2.04314 2.02063 2.01735 2.00562 1.99186 1.99640 1.99485 1.99423 1.99904 2.00685 2.02140 2.02957 2.04030
2.06933 2.05337 2.04581 2.01843 2.01094 2.01821 2.01265 2.00246 2.00611 2.00672 2.00658 2.02003 2.02597 2.04082 2.04626
2.07208 2.06185 2.06035 2.03545 2.03902 2.02943 2.02296 2.01059 2.00513 2.02321 2.01374 2.03608 2.04191 2.04921 2.05326
2.08054 2.07299 2.06359 2.03946 2.03412 2.03608 2.02452 2.02100 2.02417 2.02857 2.03528 2.04352 2.05345 2.05687 2.06109
2.08728 2.07237 2.06281 2.05681 2.05407 2.04842 2.03310 2.02927 2.03384 2.03782 2.03835 2.05322 2.05859 2.05710 2.06181
2.09553 2.08778 2.07192 2.07165 2.06057 2.05372 2.05102 2.03736 2.03693 2.04747 2.05278 2.05918 2.06502 2.07649 2.07629
2.09180 2.09231 2.08309 2.07032 2.06448 2.06853 2.05546 2.04745 2.04813 2.05894 2.05950 2.06643 2.07770 2.08215 2.07534
2.09821 2.09504 2.08692 2.08191 2.07361 2.07018 2.06360 2.05255 2.05728 2.06559 2.06615 2.07058 2.08125 2.08468 2.08342
2.10517 2.09778 2.09796 2.08426 2.08078 2.07863 2.06917 2.06163 2.06394 2.07468 2.07515 2.07943 2.08721 2.08908 2.09189
2.10787 2.10301 2.09204 2.09442 2.08661 2.08642 2.07468 2.07165 2.07285 2.08098 2.08283 2.08973 2.09092 2.09573 2.09498
2.11227 2.10615 2.10119 2.09254 2.09440 2.09145 2.07935 2.07700 2.07665 2.08946 2.09172 2.09283 2.09962 2.09986 2.10523
2.11322 2.10823 2.10347 2.09876 2.09805 2.09715 2.08161 2.08151 2.07900 2.09555 2.09980 2.09888 2.10476 2.10543 2.10870
1.96695 1.91314 1.86833 1.83376 1.81173 1.78424 1.76997 1.76342 1.76095 1.76525 1.77300 1.78878 1.81956 1.85900 1.91342
1.98754 1.93969 1.89332 1.86270 1.83872 1.80903 1.79188 1.78272 1.78015 1.78592 1.79682 1.81385 1.84680 1.88389 1.94284
1.99947 1.95512 1.91049 1.88190 1.85501 1.82633 1.81070 1.80091 1.79639 1.80121 1.81513 1.83231 1.86625 1.90251 1.95822
2.00823 1.96828 1.92653 1.89825 1.87263 1.84672 1.83084 1.82283 1.81747 1.82222 1.83019 1.84834 1.88132 1.92203 1.97017
2.02166 1.98262 1.94598 1.91766 1.88799 1.86502 1.84828 1.84011 1.83559 1.83845 1.84752 1.86417 1.89570 1.93851 1.98247
2.03276 1.99770 1.96271 1.93836 1.90318 1.88344 1.86743 1.86255 1.85458 1.85927 1.86870 1.88166 1.91309 1.95411 1.99714
2.04442 2.00946 1.97945 1.95233 1.92381 1.89956 1.88432 1.87910 1.87461 1.88025 1.88640 1.89860 1.93517 1.96825 2.01006
2.05427 2.02355 1.99686 1.96737 1.94164 1.92074 1.90551 1.89761 1.89398 1.89841 1.90548 1.91903 1.95722 1.98653 2.02697
2.06876 2.03717 2.01386 1.98446 1.95951 1.94249 1.92887 1.92074 1.91502 1.92014 1.92884 1.94155 1.97373 2.00262 2.04022
2.08196 2.05134 2.02750 2.00178 1.97628 1.95947 1.94733 1.94336 1.93601 1.94150 1.94856 1.96229 1.98958 2.01570 2.05442
2.09294 2.06527 2.04432 2.01904 1.99172 1.97959 1.96841 1.96026 1.95328 1.96111 1.96404 1.98159 2.00258 2.03305 2.06374
2.10914 2.07574 2.06471 2.02889 2.00650 1.99395 1.98550 1.97851 1.97136 1.97755 1.98125 1.99414 2.01966 2.04733 2.08352
2.12001 2.09472 2.07470 2.04143 2.02643 2.01056 1.99512 1.99492 1.99391 1.99492 2.00055 2.01037 2.03681 2.06223 2.09715
2.12753 2.10260 2.08434 2.04725 2.03090 2.02783 2.01594 2.00379 2.00521 2.01174 2.01420 2.02984 2.05026 2.07966 2.11076
2.13727 2.11370 2.09932 2.06802 2.05750 2.04182 2.02915 2.01487 2.01023 2.02936 2.02816 2.05018 2.06853 2.09198 2.11893
2.14386 2.12590 2.10831 2.07770 2.06308 2.05218 2.03447 2.02703 2.02758 2.03945 2.05188 2.06292 2.08714 2.10526 2.12644
2.15346 2.13090 2.11341 2.09632 2.08059 2.06725 2.04629 2.03729 2.03966 2.05187 2.06092 2.07810 2.09741 2.11078 2.13659
2.16057 2.14427 2.12362 2.11190 2.09135 2.07664 2.06408 2.04913 2.04628 2.06334 2.07750 2.08796 2.10853 2.12837 2.14344
2.16295 2.14978 2.13414 2.11336 2.09882 2.09144 2.06971 2.06075 2.06151 2.07706 2.08595 2.09943 2.12082 2.13608 2.14812
2.16857 2.15558 2.14006 2.12699 2.11040 2.09582 2.08062 2.06657 2.07058 2.08561 2.09632 2.10697 2.12775 2.14114 2.15675
2.17624 2.16046 2.15162 2.13115 2.11868 2.10479 2.08813 2.07805 2.07920 2.09628 2.10740 2.11791 2.13442 2.14832 2.16581
2.18171 2.16483 2.14998 2.14206 2.12639 2.11291 2.09608 2.09136 2.09131 2.10364 2.11775 2.12890 2.14120 2.15728 2.16564
2.18451 2.17072 2.15831 2.14290 2.13344 2.11953 2.10300 2.10022 2.09609 2.11329 2.12555 2.13529 2.15011 2.16273 2.17160
2.18670 2.17443 2.16250 2.15107 2.13765 2.12474 2.10387 2.10618 2.09990 2.12012 2.13267 2.14420 2.15717 2.16877 2.17540
1.98844 1.93476 1.88913 1.86112 1.84092 1.82122 1.80686 1.79957 1.79649 1.80469 1.81519 1.82781 1.84808 1.88325 1.93563
2.00478 1.95291 1.90435 1.87940 1.85685 1.83201 1.82050 1.81340 1.81044 1.81725 1.82770 1.83784 1.86612 1.89784 1.95934
2.01664 1.96695 1.92151 1.89183 1.87153 1.84428 1.83222 1.82617 1.82328 1.82687 1.83973 1.85308 1.88104 1.91470 1.97417
2.02965 1.98056 1.93732 1.90931 1.88528 1.86281 1.84809 1.84083 1.83771 1.84129 1.85120 1.86865 1.89256 1.93355 1.98442
2.04536 1.99432 1.95536 1.93004 1.89813 1.87925 1.86717 1.85912 1.85379 1.85665 1.86753 1.88135 1.90779 1.95008 1.99718
2.06180 2.01166 1.97160 1.94893 1.91511 1.89351 1.88134 1.87726 1.87215 1.87533 1.88247 1.89563 1.92658 1.96478 2.01301
2.07862 2.02508 1.98925 1.96329 1.93446 1.91039 1.89663 1.89187 1.88713 1.89136 1.89791 1.91163 1.94622 1.97931 2.02796
2.09101 2.04148 2.00658 1.97818 1.95098 1.92987 1.91929 1.90977 1.90674 1.90927 1.91743 1.93202 1.96668 1.99872 2.04778
2.10828 2.05691 2.02460 1.99612 1.96731 1.95315 1.94128 1.93227 1.92698 1.92992 1.93909 1.95286 1.98308 2.01542 2.06560
2.12041 2.07467 2.04225 2.01258 1.98440 1.96878 1.95626 1.95301 1.94736 1.94938 1.95650 1.97087 1.99948 2.03336 2.08327
2.13266 2.09252 2.06161 2.02981 2.00006 1.98573 1.97691 1.97009 1.96346 1.96666 1.96987 1.98984 2.01384 2.05154 2.09525
2.14521 2.10415 2.08316 2.04366 2.01496 2.00254 1.99409 1.98714 1.98033 1.98484 1.98906 2.00316 2.03179 2.06869 2.11158
2.15768 2.12108 2.09596 2.05908 2.03673 2.01923 2.00473 2.00423 2.00311 2.00271 2.00786 2.01875 2.05096 2.08404 2.12764
2.16794 2.13204 2.10792 2.06792 2.04629 2.03680 2.02469 2.01462 2.01536 2.01985 2.02367 2.03954 2.06807 2.10386 2.13929
2.17553 2.14405 2.12465 2.08928 2.06967 2.05350 2.03988 2.02593 2.02295 2.03860 2.03994 2.06085 2.08788 2.11807 2.15101
2.18577 2.15841 2.13496 2.10041 2.08055 2.06510 2.04838 2.04111 2.04155 2.04999 2.06285 2.07655 2.10742 2.13086 2.15982
2.19452 2.16734 2.14248 2.11793 2.09876 2.08067 2.06307 2.05396 2.05386 2.06580 2.07315 2.09340 2.12118 2.13791 2.17079
2.20243 2.18068 2.15618 2.13348 2.10882 2.09449 2.08070 2.06684 2.06417 2.07702 2.09292 2.10644 2.13335 2.15637 2.18294
2.20656 2.18886 2.16681 2.13724 2.11757 2.10773 2.08986 2.07861 2.07874 2.09460 2.10129 2.11775 2.14698 2.16657 2.18820
2.21199 2.19857 2.17669 2.15176 2.12850 2.11420 2.09982 2.08718 2.08967 2.10311 2.11262 2.12682 2.15615 2.17598 2.19788
2.22120 2.20574 2.18667 2.15669 2.13949 2.12453 2.10829 2.10278 2.10163 2.11478 2.12458 2.13764 2.16446 2.18635 2.20789
2.22769 2.21116 2.18961 2.16832 2.14788 2.13295 2.12100 2.11888 2.11380 2.12193 2.13638 2.14915 2.17286 2.19715 2.21550
2.23219 2.21831 2.19711 2.17208 2.15623 2.14137 2.12976 2.13117 2.12348 2.13221 2.14642 2.15933 2.18465 2.20429 2.22229
2.23637 2.22460 2.20243 2.18339 2.16179 2.14909 2.13583 2.14139 2.13119 2.14221 2.15465 2.16915 2.19216 2.21262 2.22935
1.97158 1.92290 1.88634 1.86681 1.84957 1.83336 1.82524 1.82232 1.82105 1.82507 1.83381 1.84295 1.85803 1.88105 1.92193
1.98370 1.93614 1.89658 1.87812 1.86006 1.83792 1.83100 1.82694 1.82555 1.82909 1.83678 1.84704 1.86629 1.88998 1.93707
1.99424 1.95003 1.91028 1.88793 1.87166 1.84932 1.84033 1.83620 1.83398 1.83559 1.84730 1.86013 1.87831 1.90316 1.95367
2.00598 1.96319 1.92468 1.90188 1.88233 1.86518 1.85498 1.84812 1.84474 1.84713 1.85692 1.87162 1.88793 1.91878 1.96558
2.02009 1.97523 1.94059 1.91879 1.89288 1.87810 1.87024 1.86306 1.85870 1.86104 1.86953 1.88049 1.89988 1.93219 1.97519
2.03418 1.99063 1.95566 1.93481 1.90784 1.88931 1.88070 1.87767 1.87406 1.87536 1.88088 1.89284 1.91465 1.95050 1.99079
2.05253 2.00492 1.97131 1.94960 1.92410 1.90375 1.89304 1.88967 1.88566 1.88806 1.89477 1.90533 1.93420 1.96344 2.00583
2.06769 2.01703 1.98685 1.96210 1.93974 1.92168 1.91400 1.90535 1.90168 1.90305 1.90993 1.92198 1.95210 1.97772 2.02153
2.08498 2.03195 2.00358 1.97940 1.95527 1.94175 1.93275 1.92565 1.91937 1.92342 1.92802 1.93989 1.96774 1.99402 2.03875
2.09926 2.04822 2.02009 1.99311 1.96931 1.95781 1.94849 1.94464 1.93979 1.94123 1.94652 1.95910 1.98131 2.01022 2.05598
2.11235 2.06403 2.03485 2.01088 1.98489 1.97363 1.96604 1.96110 1.95468 1.95741 1.95861 1.97542 1.99620 2.02711 2.06906
2.12411 2.07958 2.05684 2.02203 1.99790 1.98923 1.98129 1.97622 1.97056 1.97189 1.97666 1.98651 2.01209 2.04231 2.08996
2.13943 2.09722 2.06935 2.03692 2.01771 2.00500 1.99223 1.98978 1.98816 1.98901 1.99208 2.00212 2.02835 2.05771 2.10612
2.14965 2.10977 2.08245 2.04603 2.02582 2.01898 2.00896 1.99887 2.00100 2.00599 2.00596 2.01629 2.04344 2.07593 2.11976
2.15881 2.12242 2.10123 2.06400 2.04828 2.03123 2.02076 2.00939 2.00765 2.02003 2.01968 2.03687 2.06257 2.09231 2.13228
2.16994 2.13695 2.11276 2.07673 2.05567 2.04468 2.02854 2.02144 2.02296 2.02977 2.04090 2.05255 2.08189 2.10846 2.14276
2.17744 2.14648 2.12069 2.09626 2.07608 2.05783 2.04371 2.03438 2.03493 2.04252 2.05285 2.06724 2.09535 2.11700 2.15166
2.18677 2.16254 2.13176 2.10959 2.08807 2.06905 2.05908 2.04792 2.04279 2.05559 2.06639 2.07939 2.10959 2.13375 2.16649
2.19143 2.17173 2.14468 2.11731 2.09754 2.08396 2.06879 2.05972 2.05782 2.06898 2.07809 2.09502 2.12366 2.14663 2.17330
2.20073 2.17905 2.15434 2.13070 2.10729 2.09415 2.07931 2.07040 2.07145 2.08133 2.08878 2.10594 2.13346 2.15714 2.18489
2.21150 2.18925 2.16700 2.13601 2.11732 2.10452 2.09081 2.08545 2.08226 2.09152 2.10175 2.11600 2.14162 2.16827 2.19724
2.21871 2.19752 2.16908 2.14561 2.12694 2.11359 2.10445 2.10022 2.09685 2.10294 2.11267 2.12784 2.15182 2.17980 2.20495
2.22562 2.20349 2.17621 2.15225 2.13470 2.12023 2.11044 2.11060 2.10479 2.11469 2.12412 2.13705 2.16218 2.18768 2.21343
2.23061 2.21144 2.18376 2.16251 2.14027 2.12922 2.11412 2.11758 2.10914 2.12387 2.13459 2.14732 2.17088 2.19747 2.22186
2.03150 1.98860 1.95994 1.94494 1.92677 1.91047 1.90090 1.90047 1.89994 1.90476 1.91918 1.92765 1.93596 1.95512 1.98627
2.04194 1.99662 1.96936 1.95276 1.93608 1.91435 1.90560 1.90404 1.90440 1.90832 1.92105 1.93266 1.94281 1.96095 1.99749
2.05405 2.00673 1.97745 1.96233 1.94715 1.92493 1.91652 1.91109 1.91311 1.91554 1.92874 1.94229 1.95210 1.97306 2.01102
2.06535 2.01912 1.99029 1.97421 1.95614 1.93991 1.93081 1.92538 1.92353 1.92909 1.93867 1.95117 1.96197 1.98441 2.02334
2.07928 2.03361 2.00320 1.98727 1.96637 1.95342 1.94690 1.94163 1.93783 1.93844 1.94680 1.95745 1.97203 1.99540 2.03213
2.09343 2.04967 2.01592 1.99924 1.97749 1.96290 1.95630 1.95338 1.95080 1.95277 1.95633 1.96854 1.98469 2.00936 2.04807
2.11166 2.06362 2.03186 2.01167 1.99047 1.97547 1.96738 1.96599 1.96261 1.96364 1.96827 1.97821 1.99765 2.01956 2.06451
2.12380 2.07941 2.04802 2.02433 2.00236 1.99017 1.98185 1.97850 1.97609 1.97499 1.98028 1.99200 2.01297 2.03776 2.08180
2.13741 2.09366 2.06763 2.04116 2.01488 2.00406 1.99737 1.99258 1.98864 1.99021 1.99269 2.00401 2.02800 2.05298 2.09877
2.14994 2.10824 2.08371 2.05581 2.03144 2.01784 2.00791 2.00464 2.00248 2.00520 2.00809 2.02002 2.04345 2.06998 2.11476
2.16305 2.12328 2.10028 2.07406 2.04616 2.03179 2.02351 2.01720 2.01402 2.01853 2.01844 2.03551 2.06064 2.09006 2.12591
2.17445 2.13508 2.11673 2.08828 2.06135 2.04904 2.03850 2.03336 2.02761 2.03120 2.03727 2.04997 2.07650 2.10258 2.14159
2.18922 2.15015 2.12755 2.10311 2.08236 2.06514 2.04974 2.04626 2.04453 2.04985 2.05498 2.06685 2.09469 2.11578 2.15616
2.19916 2.16099 2.13873 2.10805 2.09026 2.08075 2.06592 2.05455 2.05896 2.06512 2.07067 2.08440 2.10781 2.13352 2.16960
2.20867 2.17362 2.15243 2.12315 2.11143 2.09387 2.07978 2.06621 2.06497 2.08143 2.08709 2.10213 2.12318 2.14562 2.18012
2.21919 2.18833 2.16522 2.13370 2.11701 2.10428 2.08998 2.07954 2.08241 2.09116 2.10343 2.11422 2.13640 2.16044 2.19177
2.22466 2.19658 2.17295 2.15005 2.13291 2.11597 2.09997 2.09186 2.09358 2.10372 2.11284 2.12605 2.14938 2.17028 2.20265
2.23337 2.21079 2.18340 2.16055 2.14257 2.12433 2.11223 2.10151 2.09863 2.11272 2.12647 2.13835 2.16261 2.18584 2.21444
2.23792 2.22078 2.19537 2.16929 2.14987 2.13535 2.11643 2.10973 2.11061 2.12314 2.13535 2.14776 2.17635 2.19662 2.22179
2.24586 2.22740 2.20421 2.18166 2.16173 2.14260 2.12599 2.11581 2.11810 2.13103 2.14535 2.15974 2.18605 2.20736 2.23270
2.25559 2.23582 2.21705 2.18713 2.17081 2.14984 2.13210 2.11888 2.12307 2.13804 2.15528 2.16789 2.19405 2.21702 2.24182
2.26171 2.24258 2.21878 2.19784 2.17944 2.15573 2.13522 2.12288 2.12805 2.14584 2.16511 2.18142 2.20242 2.22633 2.25059
2.27070 2.24616 2.22529 2.20514 2.18570 2.16067 2.13441 2.12222 2.12738 2.15408 2.17452 2.19158 2.21171 2.23426 2.25738
2.27670 2.25386 2.23207 2.21476 2.19083 2.16463 2.12944 2.12414 2.12459 2.16079 2.18330 2.20103 2.22102 2.24137 2.26710
2.02029 1.96953 1.93859 1.92557 1.91232 1.90102 1.88948 1.88802 1.89254 1.90083 1.91258 1.91904 1.91901 1.93571 1.97579
2.03737 1.98422 1.95792 1.93788 1.92505 1.90771 1.89696 1.89456 1.89790 1.90865 1.92339 1.92872 1.93327 1.95159 1.99574
2.04466 1.99430 1.96597 1.94840 1.93091 1.90859 1.89642 1.89334 1.89826 1.90414 1.92247 1.93079 1.93828 1.96027 2.00620
2.05238 2.00511 1.97638 1.95826 1.93863 1.91473 1.90248 1.89859 1.90308 1.90856 1.92411 1.93620 1.94899 1.96785 2.01851
2.06499 2.01532 1.99221 1.96999 1.94958 1.92421 1.90975 1.90630 1.90900 1.91255 1.92967 1.94357 1.96175 1.97767 2.02930
2.07251 2.02609 2.00369 1.98093 1.95666 1.93572 1.92370 1.92457 1.92020 1.92138 1.93680 1.95442 1.97300 1.99091 2.03983
2.08650 2.03344 2.01691 1.99197 1.96862 1.94938 1.94490 1.94632 1.93632 1.93409 1.94584 1.96431 1.98683 2.00184 2.04906
2.09561 2.04427 2.02781 2.00693 1.97660 1.96186 1.96495 1.96089 1.95729 1.94560 1.95206 1.97606 2.00117 2.01555 2.06444
2.11071 2.05729 2.04085 2.01506 1.99014 1.97845 1.98076 1.97979 1.96871 1.95729 1.96259 1.98840 2.01624 2.02915 2.07835
2.11973 2.07046 2.05186 2.02708 2.00005 1.99192 1.99583 1.99006 1.97570 1.96823 1.97672 2.00311 2.02810 2.04187 2.08936
2.13212 2.08543 2.06537 2.03577 2.00724 2.00164 2.00189 1.99121 1.97691 1.97665 1.98737 2.01696 2.03825 2.05487 2.10048
2.14117 2.09381 2.07720 2.04477 2.01553 2.00457 1.99560 1.98329 1.96724 1.97771 1.99968 2.02551 2.04872 2.07004 2.11135
2.15279 2.10925 2.08950 2.05543 2.02659 2.00095 1.97550 1.96860 1.96096 1.97672 2.00915 2.03490 2.06361 2.08109 2.12408
2.15950 2.11792 2.09539 2.05631 2.02581 1.99523 1.97403 1.95722 1.95617 1.97773 2.01688 2.04552 2.07302 2.09816 2.13402
2.16615 2.13029 2.11050 2.07480 2.04187 1.99431 1.96601 1.95010 1.94473 1.98213 2.02550 2.06030 2.08691 2.10914 2.14093
2.17650 2.14545 2.12549 2.08331 2.04703 1.99228 1.96133 1.94738 1.94792 1.97952 2.03200 2.06672 2.09930 2.12423 2.15112
2.18293 2.15451 2.13083 2.09868 2.05205 1.99523 1.95828 1.94431 1.94290 1.97658 2.03586 2.07479 2.11000 2.13224 2.15906
2.19373 2.16771 2.13988 2.10714 2.05415 1.99429 1.95750 1.93864 1.94009 1.97844 2.03833 2.08447 2.12095 2.14732 2.16974
2.19750 2.17645 2.14797 2.11208 2.05282 1.99289 1.94971 1.93533 1.93836 1.97696 2.03814 2.09097 2.13131 2.15416 2.17725
2.20607 2.18592 2.15570 2.11769 2.05481 1.98787 1.94543 1.92922 1.93575 1.97213 2.03755 2.09491 2.13906 2.16205 2.18720
2.21797 2.19541 2.16598 2.11811 2.05410 1.98327 1.94275 1.93316 1.93284 1.96941 2.04288 2.10057 2.14477 2.17131 2.19948
2.22621 2.20410 2.16805 2.12317 2.05036 1.97676 1.94509 1.94727 1.93935 1.96718 2.03902 2.10609 2.14931 2.18068 2.21086
2.23464 2.21129 2.17667 2.12292 2.04286 1.97008 1.95100 1.95697 1.94714 1.96394 2.03428 2.10808 2.15813 2.19351 2.22156
2.24225 2.21951 2.18229 2.12629 2.03646 1.96786 1.95805 1.95742 1.95148 1.96320 2.03084 2.10997 2.16413 2.20199 2.23258
1.94931 1.86436 1.82275 1.80333 1.78180 1.76859 1.76524 1.76620 1.77353 1.77829 1.79290 1.80917 1.81675 1.85955 1.87326
1.97439 1.88163 1.83024 1.80379 1.78274 1.76657 1.76370 1.76166 1.76753 1.77541 1.79049 1.80678 1.82226 1.87484 1.87826
1.98989 1.89554 1.83792 1.80842 1.78215 1.76258 1.74439 1.74668 1.75206 1.75848 1.77780 1.80246 1.82932 1.88127 1.87548
1.99576 1.91579 1.84752 1.81639 1.78732 1.77014 1.75583 1.74969 1.75953 1.76899 1.78132 1.81142 1.83653 1.88947 1.87305
1.99762 1.93561 1.85990 1.82423 1.79564 1.77682 1.75908 1.75323 1.76470 1.77440 1.78810 1.81543 1.84838 1.89231 1.87269
1.99471 1.95061 1.86966 1.83110 1.80013 1.78335 1.76229 1.76121 1.76640 1.77723 1.79396 1.82498 1.85938 1.89256 1.86816
1.98415 1.96262 1.88968 1.84303 1.80927 1.79063 1.76994 1.76571 1.76698 1.78506 1.80170 1.83953 1.87356 1.89392 1.86438
1.97296 1.97110 1.91068 1.86046 1.81767 1.79998 1.78163 1.77348 1.77887 1.79477 1.81365 1.85015 1.88165 1.89173 1.87451
1.95634 1.97994 1.93544 1.87664 1.83663 1.81007 1.78714 1.77749 1.78258 1.80421 1.83029 1.86264 1.88572 1.88731 1.88000
1.94802 1.97950 1.94934 1.90115 1.85106 1.82200 1.79484 1.78451 1.79094 1.81508 1.84717 1.87445 1.88783 1.88663 1.88997
1.94600 1.97670 1.96992 1.91738 1.86945 1.83588 1.80099 1.78952 1.79667 1.82750 1.86204 1.88002 1.88426 1.88868 1.89840
1.95147 1.96189 1.97014 1.94312 1.89138 1.84592 1.81073 1.80233 1.80523 1.83454 1.87302 1.88234 1.88617 1.89406 1.90919
1.95914 1.95927 1.97344 1.95849 1.91199 1.85689 1.82110 1.82752 1.82281 1.84723 1.87830 1.88061 1.89036 1.89621 1.92592
1.96465 1.95507 1.96691 1.95836 1.92273 1.87145 1.84957 1.84855 1.84641 1.86147 1.87866 1.87716 1.89224 1.90607 1.94088
1.97237 1.95724 1.96991 1.96884 1.93100 1.88507 1.87019 1.87039 1.86688 1.87064 1.88394 1.88550 1.90096 1.91849 1.95513
1.98649 1.96438 1.96298 1.95770 1.94194 1.89654 1.88713 1.88825 1.88497 1.87937 1.88247 1.88156 1.90762 1.92685 1.97344
1.99795 1.97295 1.95959 1.95783 1.94138 1.91193 1.90789 1.91988 1.90267 1.89029 1.88570 1.89008 1.91336 1.94092 1.98831
2.00536 1.98266 1.96084 1.95338 1.94355 1.92198 1.93771 1.94378 1.92654 1.90027 1.88950 1.89402 1.92119 1.95724 2.00279
2.01305 1.99129 1.96498 1.95355 1.94973 1.94126 1.96398 1.97297 1.95612 1.91796 1.89225 1.90175 1.93473 1.97232 2.01984
2.02430 1.99820 1.96893 1.95273 1.95272 1.95836 1.99059 1.99367 1.97862 1.93377 1.89750 1.91080 1.94270 1.98295 2.03199
2.03400 2.00734 1.97647 1.95184 1.95496 1.97909 2.01215 2.00128 2.00120 1.95675 1.90952 1.91827 1.95463 1.99197 2.04159
2.04020 2.01220 1.97822 1.95489 1.96275 2.00343 2.01849 2.00026 2.01061 1.97848 1.91562 1.92629 1.95991 2.00510 2.04636
2.04914 2.01939 1.98280 1.95762 1.96513 2.02289 2.01109 1.99277 2.00013 2.00320 1.93148 1.93377 1.96926 2.01629 2.05646
2.05318 2.02540 1.98750 1.95988 1.97420 2.03710 1.99756 1.98069 1.98626 2.01312 1.94818 1.94114 1.97720 2.02486 2.06006
1.55882 1.81413 2.05579 2.26951 2.32351 2.32833 2.33790 2.28975 2.24144 2.17604 2.04190 1.92012 1.75331 1.55974 1.33493
1.39577 1.61881 1.80399 2.05210 2.14017 2.14868 2.14106 2.09478 2.00921 1.91363 1.78931 1.68502 1.56892 1.39203 1.16984
1.32531 1.55507 1.73909 1.93723 2.05397 2.08143 2.10712 2.04416 1.98058 1.87244 1.77503 1.62579 1.51126 1.34709 1.12893
1.27082 1.50792 1.70436 1.87212 1.96290 1.95805 1.95271 1.87881 1.80528 1.74403 1.65854 1.55440 1.47243 1.31715 1.09936
1.23260 1.45390 1.66217 1.83805 1.85741 1.86402 1.84039 1.78571 1.73477 1.67576 1.61924 1.51135 1.43806 1.27438 1.05952
1.18353 1.41976 1.62266 1.77370 1.80932 1.80039 1.78802 1.75647 1.69555 1.64847 1.56517 1.47549 1.39227 1.24189 1.02741
1.13252 1.37132 1.56497 1.73045 1.77071 1.74454 1.73467 1.70576 1.65304 1.60467 1.53639 1.42495 1.33993 1.20731 0.99129
1.09546 1.33288 1.51785 1.65028 1.72234 1.68854 1.70287 1.68408 1.63481 1.57300 1.49186 1.38182 1.28191 1.15957 0.95258
1.04361 1.28721 1.46281 1.59244 1.64398 1.64179 1.66039 1.63122 1.57727 1.52903 1.45255 1.32508 1.24096 1.12552 0.92428
1.01088 1.24221 1.41358 1.53388 1.60732 1.59000 1.60137 1.58174 1.53203 1.46695 1.39165 1.29692 1.17778 1.07758 0.89433
0.97678 1.20020 1.36186 1.51007 1.54249 1.53979 1.54831 1.54162 1.47405 1.42611 1.32971 1.25499 1.14544 1.04331 0.86095
0.95265 1.14904 1.34235 1.42867 1.48773 1.48750 1.50970 1.50340 1.43933 1.37429 1.29325 1.20554 1.09702 1.00202 0.84617
0.91750 1.13339 1.28591 1.37458 1.44745 1.45180 1.45433 1.46347 1.39468 1.33281 1.25823 1.16643 1.06902 0.97035 0.81957
0.88699 1.08858 1.22392 1.30807 1.35719 1.39539 1.44914 1.43190 1.38724 1.29681 1.19430 1.11809 1.01568 0.92115 0.79284
0.86214 1.05279 1.21842 1.27009 1.36779 1.36121 1.43027 1.40703 1.32196 1.30257 1.13656 1.10671 1.00714 0.88999 0.76611
0.83044 1.02361 1.14052 1.20610 1.26962 1.31234 1.36609 1.36488 1.32583 1.22882 1.14733 1.07340 0.97660 0.85824 0.73652
0.79253 0.98071 1.08922 1.19650 1.29119 1.29892 1.34100 1.34820 1.31555 1.19983 1.09711 1.02586 0.92492 0.79801 0.69149
0.78162 0.97593 1.06923 1.18400 1.23968 1.26883 1.34555 1.35266 1.29691 1.19074 1.08235 0.99641 0.88575 0.80436 0.66687
0.74193 0.94111 1.05109 1.14113 1.21579 1.26806 1.32869 1.32101 1.26825 1.18165 1.06494 0.96642 0.86988 0.77857 0.60299
0.71588 0.90843 1.01417 1.12218 1.18902 1.25946 1.31644 1.32345 1.26341 1.16509 1.03517 0.93678 0.83976 0.74068 0.56856
0.69990 0.88104 0.98821 1.09725 1.17683 1.24235 1.30749 1.31637 1.25497 1.16710 1.02064 0.91847 0.81966 0.71352 0.53695
0.64993 0.86248 0.95207 1.06882 1.14836 1.24061 1.30132 1.31207 1.24122 1.15019 0.99160 0.88759 0.77807 0.67868 0.46259
0.63196 0.82313 0.92639 1.04286 1.13022 1.21036 1.30178 1.29464 1.24839 1.12261 0.96786 0.82846 0.74497 0.63047 0.41831
0.61001 0.79381 0.90478 1.00592 1.12697 1.20390 1.31738 1.29237 1.25886 1.11626 0.95150 0.80741 0.71740 0.60678 0.38773
2.09046 2.36303 2.59248 2.81886 2.89137 2.90092 2.90778 2.84572 2.78458 2.71050 2.57827 2.47341 2.30167 2.09565 1.78724
1.92244 2.19800 2.40167 2.61192 2.69063 2.71233 2.69656 2.64999 2.57989 2.51151 2.39779 2.27625 2.15122 1.92658 1.62984
1.83411 2.13530 2.34053 2.52743 2.61311 2.64526 2.67030 2.61118 2.54868 2.45810 2.36036 2.21107 2.09460 1.87637 1.59555
1.76352 2.09088 2.30138 2.47424 2.54219 2.54812 2.55280 2.49551 2.42023 2.34789 2.25819 2.14432 2.05735 1.83265 1.57239
1.71412 2.02918 2.25180 2.42900 2.46727 2.47585 2.46618 2.41175 2.35388 2.28145 2.21299 2.09455 2.01262 1.77677 1.53576
1.65794 1.98497 2.21033 2.36559 2.40957 2.40920 2.40334 2.36922 2.30108 2.24285 2.15745 2.05458 1.95840 1.73284 1.50879
1.60503 1.91590 2.15257 2.31484 2.35740 2.34523 2.34852 2.31211 2.25474 2.19490 2.11837 2.00025 1.88875 1.69525 1.47769
1.57308 1.86635 2.09866 2.23688 2.30171 2.28078 2.30144 2.28124 2.22590 2.15748 2.07253 1.94223 1.81322 1.64236 1.44429
1.52231 1.80758 2.03647 2.17206 2.22681 2.22442 2.25087 2.22604 2.16487 2.10267 2.02402 1.87556 1.74754 1.61083 1.41865
1.49385 1.74483 1.98067 2.11005 2.18362 2.17303 2.19723 2.17203 2.11545 2.03796 1.95390 1.83104 1.68081 1.56603 1.39385
1.46815 1.69703 1.91889 2.07892 2.11568 2.12199 2.13988 2.13036 2.04684 1.99554 1.88085 1.77314 1.63643 1.53543 1.36349
1.44829 1.63358 1.89721 1.99144 2.05827 2.06461 2.09539 2.08370 2.01302 1.93593 1.82832 1.71606 1.59317 1.49424 1.35207
1.41036 1.62292 1.83193 1.93300 2.01700 2.02783 2.03160 2.04114 1.97028 1.88747 1.79160 1.67117 1.56168 1.47106 1.32992
1.38349 1.57090 1.73944 1.86027 1.91777 1.96362 2.03380 2.01654 1.95897 1.84034 1.70817 1.61510 1.50859 1.42454 1.30773
1.36487 1.54444 1.73091 1.82061 1.93516 1.93720 2.01425 1.98930 1.88981 1.84928 1.64335 1.60940 1.50314 1.40094 1.28672
1.33788 1.51565 1.63764 1.73153 1.83358 1.89171 1.95185 1.95504 1.89827 1.76388 1.65177 1.57074 1.47756 1.37208 1.26418
1.30388 1.47413 1.57791 1.70904 1.84515 1.87315 1.92323 1.92865 1.89331 1.73429 1.59920 1.52852 1.43127 1.32017 1.23224
1.30388 1.47218 1.56045 1.69523 1.78235 1.83476 1.92295 1.92467 1.85999 1.72064 1.58710 1.49917 1.40115 1.32403 1.21523
1.27042 1.44051 1.54464 1.64216 1.75487 1.83088 1.91000 1.90438 1.83726 1.71443 1.56779 1.47048 1.39014 1.30104 1.17605
1.25055 1.41472 1.50749 1.62609 1.71812 1.82186 1.89015 1.90780 1.83411 1.70045 1.54228 1.44440 1.35857 1.27692 1.15360
1.23903 1.39161 1.48907 1.59949 1.70126 1.80876 1.88850 1.89922 1.82913 1.69999 1.52920 1.43307 1.34765 1.25288 1.13898
1.20842 1.37782 1.45709 1.56951 1.66975 1.80554 1.88795 1.88539 1.80201 1.68540 1.49730 1.40725 1.31169 1.22915 1.10483
1.19751 1.34347 1.43474 1.54242 1.64764 1.77780 1.88359 1.86094 1.80579 1.63546 1.48044 1.35511 1.27775 1.19380 1.07987
1.18145 1.31467 1.41957 1.51009 1.65072 1.76941 1.89258 1.84832 1.81072 1.62330 1.46857 1.33587 1.25618 1.18073 1.06419
2.51865 2.83777 3.13874 3.48497 3.59531 3.61049 3.60967 3.53726 3.42585 3.29325 3.10691 2.96976 2.76353 2.51414 2.23952
2.38632 2.67718 2.92443 3.23443 3.37011 3.40249 3.39941 3.30082 3.16236 3.06245 2.91099 2.77544 2.61728 2.38148 2.13085
2.32495 2.60773 2.86311 3.09985 3.22769 3.27330 3.30217 3.19662 3.10033 2.98385 2.86552 2.70501 2.55694 2.34571 2.10558
2.26545 2.55565 2.80841 3.02663 3.11591 3.11698 3.12610 3.04963 2.95954 2.86605 2.76166 2.62407 2.51893 2.31338 2.07843
2.21663 2.48689 2.74580 2.95503 3.01734 3.02389 3.02106 2.95755 2.88083 2.79018 2.70603 2.56361 2.46656 2.26458 2.04093
2.16902 2.44450 2.69280 2.87899 2.93483 2.93285 2.93681 2.88661 2.81063 2.73564 2.63935 2.51193 2.40781 2.22746 2.01201
2.11582 2.38246 2.63038 2.81481 2.87076 2.85714 2.87146 2.82770 2.76188 2.68248 2.58981 2.46139 2.34478 2.19272 1.98001
2.07928 2.32972 2.56090 2.72306 2.79018 2.78363 2.80855 2.77863 2.71270 2.63376 2.54007 2.40361 2.28667 2.15490 1.94708
2.02739 2.28277 2.49267 2.65347 2.71759 2.70887 2.74760 2.71304 2.64630 2.57317 2.48282 2.33926 2.23742 2.11290 1.91799
1.99939 2.23825 2.43303 2.57930 2.66025 2.64985 2.68458 2.65691 2.59025 2.50549 2.40788 2.30059 2.18425 2.07059 1.89636
1.96920 2.19341 2.37049 2.54091 2.58945 2.59949 2.62097 2.61120 2.52675 2.45469 2.34126 2.25477 2.14120 2.03446 1.85520
1.95142 2.13812 2.34516 2.45279 2.52267 2.53542 2.57321 2.55207 2.47832 2.39552 2.29969 2.20794 2.09861 1.99229 1.84698
1.90679 2.11993 2.29432 2.39122 2.47395 2.48912 2.50807 2.50247 2.43430 2.35424 2.26170 2.16653 2.06375 1.96794 1.81491
1.87861 2.07239 2.22303 2.31997 2.38073 2.42040 2.49358 2.48324 2.41693 2.31611 2.19979 2.12160 2.01048 1.92474 1.79155
1.85546 2.04480 2.20399 2.27796 2.38488 2.38821 2.47196 2.44841 2.35940 2.31059 2.15169 2.10569 2.00311 1.89724 1.76908
1.82246 2.01531 2.14481 2.21868 2.29342 2.34618 2.41548 2.41027 2.34914 2.24756 2.15143 2.06907 1.97659 1.87246 1.73741
1.78677 1.97584 2.08619 2.19694 2.29912 2.32792 2.38208 2.38655 2.34348 2.21879 2.10773 2.02749 1.92894 1.82348 1.69609
1.78126 1.96967 2.06536 2.18010 2.25097 2.29748 2.37424 2.37460 2.32349 2.20881 2.09577 1.99291 1.90225 1.82150 1.67011
1.74790 1.94060 2.04284 2.13747 2.22594 2.29347 2.35875 2.35493 2.29509 2.19486 2.07472 1.97130 1.89100 1.79897 1.61493
1.72050 1.91408 2.00667 2.12173 2.20254 2.28097 2.34751 2.35681 2.28740 2.18556 2.04966 1.94480 1.85944 1.76438 1.58332
1.70111 1.88636 1.98637 2.10039 2.19181 2.26658 2.33420 2.34319 2.28088 2.17838 2.03481 1.92938 1.84495 1.73780 1.56372
1.66484 1.87630 1.95886 2.07115 2.16334 2.25698 2.32101 2.31974 2.26152 2.16642 2.00983 1.90948 1.81120 1.71233 1.52522
1.64470 1.84769 1.93553 2.05329 2.15174 2.23387 2.32072 2.29706 2.25580 2.14259 1.99384 1.86094 1.77899 1.65081 1.48976
1.62697 1.81814 1.91969 2.01511 2.14608 2.22579 2.32653 2.28934 2.26154 2.13508 1.98140 1.84501 1.75631 1.63159 1.47558
2.99239 3.45624 3.83514 4.18823 4.30336 4.31863 4.31817 4.24316 4.13640 4.02665 3.80509 3.63033 3.35406 2.97743 2.64870
2.85790 3.29699 3.63126 3.99888 4.11924 4.15165 4.14250 4.06815 3.96157 3.82608 3.60779 3.43189 3.18574 2.86462 2.56831
2.79101 3.18241 3.55733 3.88491 4.00879 4.03958 4.05280 3.97155 3.85150 3.69310 3.53729 3.33660 3.09690 2.81419 2.53910
2.72708 3.09726 3.46914 3.78389 3.90448 3.90063 3.91431 3.80731 3.68258 3.54886 3.42018 3.21648 3.02887 2.77766 2.50831
2.67184 3.00459 3.39239 3.67184 3.77016 3.76679 3.76939 3.67869 3.56960 3.45295 3.34267 3.10105 2.95868 2.72671 2.46891
2.61571 2.93200 3.31633 3.56610 3.65361 3.63730 3.65289 3.57205 3.48096 3.37750 3.24981 3.02462 2.88593 2.68794 2.43408
2.55501 2.86812 3.20703 3.46787 3.54413 3.51795 3.55470 3.48663 3.40891 3.29862 3.14481 2.94823 2.81513 2.64521 2.39622
2.50663 2.79964 3.09416 3.35533 3.42786 3.42390 3.45643 3.41574 3.33411 3.21122 3.05148 2.88296 2.74405 2.60655 2.35461
2.45131 2.74831 2.99624 3.25157 3.34442 3.33432 3.37619 3.33621 3.24669 3.10094 2.97127 2.81309 2.69450 2.55502 2.32954
2.41610 2.69529 2.91783 3.14505 3.25544 3.25632 3.30979 3.25626 3.14093 3.00312 2.88564 2.76404 2.63021 2.50515 2.30169
2.38078 2.64038 2.84229 3.06877 3.13997 3.17134 3.22135 3.17904 3.05491 2.93938 2.80716 2.71362 2.58348 2.46064 2.26421
2.35414 2.58141 2.80854 2.93847 3.03638 3.06688 3.13812 3.08899 2.97245 2.87550 2.76111 2.65421 2.53646 2.41393 2.24863
2.30974 2.55683 2.75034 2.87126 2.95906 2.98906 3.03478 3.01929 2.91813 2.82277 2.71411 2.61463 2.50048 2.38664 2.21917
2.28426 2.50813 2.68056 2.79701 2.85890 2.90619 2.99953 2.99181 2.90338 2.77472 2.65246 2.56138 2.44240 2.33761 2.19149
2.25993 2.47423 2.65196 2.74102 2.85218 2.86893 2.97269 2.95328 2.84157 2.77325 2.60624 2.53487 2.43228 2.30915 2.17151
2.22552 2.44251 2.58935 2.68394 2.76865 2.81780 2.90558 2.89761 2.82259 2.70971 2.59384 2.50609 2.39624 2.26940 2.14108
2.18845 2.39352 2.52785 2.65664 2.76266 2.79067 2.86398 2.86971 2.81263 2.68189 2.55959 2.45797 2.34273 2.22267 2.10727
2.17952 2.39001 2.49798 2.62689 2.71353 2.76459 2.84560 2.84648 2.78950 2.66637 2.53920 2.41976 2.31611 2.21651 2.09216
2.14986 2.35086 2.47589 2.58453 2.68928 2.75273 2.83191 2.82445 2.75925 2.64639 2.51766 2.39886 2.29170 2.18968 2.04813
2.12951 2.32115 2.44094 2.56605 2.66268 2.74158 2.81459 2.81405 2.75360 2.63353 2.48713 2.36825 2.26434 2.15719 2.02804
2.11138 2.29306 2.40934 2.53633 2.64530 2.72630 2.78928 2.77512 2.72718 2.63302 2.47741 2.34224 2.24470 2.13328 2.01118
2.08955 2.26779 2.38282 2.51531 2.61561 2.71630 2.74906 2.71513 2.68824 2.61930 2.44595 2.32158 2.20774 2.10537 1.98094
2.06846 2.23522 2.35399 2.49002 2.59935 2.69056 2.71971 2.65747 2.65081 2.59391 2.42645 2.26755 2.16747 2.07445 1.95887
2.05503 2.20832 2.33453 2.45552 2.59750 2.67182 2.68646 2.61763 2.61835 2.56679 2.40937 2.24345 2.14425 2.05824 1.93883
3.55403 4.05488 4.50495 4.82323 4.91534 4.92690 4.93241 4.86930 4.78180 4.69663 4.46777 4.25123 3.92763 3.52856 3.11192
3.43083 3.89583 4.29068 4.69923 4.79483 4.82002 4.81111 4.75499 4.67111 4.54124 4.25920 4.05014 3.77719 3.42913 3.02718
3.35264 3.79318 4.18892 4.60191 4.71061 4.73335 4.74117 4.68090 4.55769 4.34795 4.16032 3.91563 3.68507 3.36612 2.97614
3.25571 3.68925 4.08580 4.48238 4.62731 4.62805 4.64309 4.53521 4.34589 4.19144 4.03026 3.79531 3.62938 3.31694 2.92950
3.18136 3.58175 3.99276 4.34787 4.48866 4.47839 4.48667 4.34031 4.21437 4.07380 3.92566 3.69405 3.53192 3.25155 2.88415
3.09330 3.49802 3.91497 4.20553 4.30282 4.28135 4.30910 4.21568 4.10847 3.97135 3.81264 3.59868 3.43800 3.19610 2.82201
3.00435 3.41615 3.78550 4.08455 4.17099 4.14516 4.19769 4.11432 4.01568 3.86401 3.71382 3.51126 3.35573 3.14372 2.78049
2.92720 3.35134 3.66415 3.94234 4.03318 4.03151 4.07873 4.01975 3.91079 3.77129 3.60975 3.43134 3.27062 3.07989 2.73138
2.84918 3.27728 3.56089 3.82204 3.91764 3.91710 3.96983 3.92221 3.80627 3.64788 3.52304 3.34850 3.20856 3.00000 2.70924
2.80304 3.20364 3.47005 3.70157 3.80982 3.82204 3.88404 3.80954 3.69652 3.55096 3.43035 3.28412 3.12522 2.91297 2.67732
2.76470 3.13787 3.39274 3.61868 3.68367 3.71692 3.78031 3.72634 3.61598 3.47874 3.33356 3.22448 3.05828 2.85540 2.64434
2.73283 3.05136 3.34255 3.49349 3.59442 3.62328 3.68473 3.64114 3.52708 3.41094 3.27978 3.15958 2.96853 2.79629 2.62279
2.69233 3.01131 3.27231 3.41752 3.50483 3.54371 3.59188 3.57009 3.46247 3.35226 3.22505 3.09410 2.90759 2.76309 2.59128
2.65778 2.93996 3.19533 3.33791 3.41682 3.46347 3.54820 3.52433 3.42921 3.29269 3.15004 3.01313 2.83330 2.71346 2.55881
2.62915 2.87815 3.14756 3.26918 3.38002 3.40814 3.50847 3.48376 3.37546 3.27585 3.09970 2.97584 2.81864 2.68003 2.53595
2.59387 2.83741 3.08437 3.20273 3.29800 3.35647 3.44308 3.43391 3.34736 3.22659 3.07393 2.92708 2.77978 2.63522 2.51866
2.56132 2.77755 2.99375 3.16284 3.28001 3.31865 3.39770 3.39977 3.32932 3.19354 3.03619 2.86389 2.71651 2.59245 2.46860
2.54662 2.76708 2.92347 3.12894 3.23666 3.28407 3.36855 3.37001 3.30823 3.17296 3.00070 2.80760 2.68391 2.58099 2.45271
2.51764 2.72343 2.89314 3.07070 3.20642 3.26682 3.35084 3.34761 3.26617 3.14918 2.98006 2.77580 2.66289 2.55346 2.40873
2.49103 2.69047 2.82890 3.05089 3.18042 3.25164 3.33000 3.32000 3.25895 3.12811 2.92254 2.75187 2.63018 2.51883 2.38358
2.46944 2.66522 2.79113 3.02249 3.15291 3.22786 3.29680 3.29935 3.22849 3.12059 2.90206 2.71865 2.60372 2.48870 2.36874
2.44856 2.62090 2.76106 2.97154 3.12282 3.21957 3.27859 3.25575 3.20158 3.10547 2.85684 2.69012 2.57627 2.46232 2.33601
2.42491 2.59857 2.72779 2.93819 3.10451 3.19433 3.26504 3.22663 3.18512 3.07300 2.83669 2.64530 2.53951 2.43605 2.31042
2.40901 2.57100 2.70035 2.87692 3.10021 3.18055 3.25733 3.20843 3.17963 3.05138 2.80863 2.61961 2.51117 2.40949 2.28746
4.03896 4.60140 4.95603 5.22518 5.31138 5.31809 5.31790 5.26276 5.18745 5.10095 4.93397 4.76858 4.46971 4.00812 3.53917
3.91649 4.46659 4.83058 5.12498 5.21264 5.23615 5.23143 5.18104 5.09312 4.99019 4.80662 4.62726 4.33376 3.92546 3.48195
3.82927 4.35552 4.73973 5.04001 5.13527 5.15599 5.16449 5.10373 5.00036 4.87090 4.71804 4.50875 4.22992 3.85213 3.42509
3.72450 4.22853 4.65790 4.94708 5.05138 5.05848 5.07099 4.99052 4.87440 4.75226 4.60957 4.36495 4.15373 3.77965 3.38468
3.63761 4.09925 4.57249 4.85582 4.94653 4.94679 4.95732 4.87498 4.76396 4.64520 4.50892 4.22772 4.04507 3.68938 3.33413
3.54406 3.99568 4.48503 4.75313 4.83296 4.81754 4.84621 4.77087 4.67348 4.55712 4.38576 4.11481 3.93882 3.62459 3.27697
3.44806 3.90312 4.35112 4.64261 4.72028 4.70699 4.74531 4.67887 4.58980 4.45229 4.24865 4.01428 3.83007 3.56159 3.22793
3.37854 3.81669 4.20736 4.52215 4.59559 4.59887 4.64114 4.59509 4.49614 4.31441 4.11615 3.92593 3.71224 3.49318 3.17225
3.30201 3.72450 4.08345 4.40787 4.49381 4.50510 4.55354 4.51423 4.38861 4.16255 4.01809 3.81304 3.61881 3.42378 3.14436
3.25106 3.63289 3.97066 4.24983 4.39595 4.41170 4.47570 4.39898 4.23521 4.05832 3.90853 3.72444 3.52875 3.35071 3.11226
3.20489 3.55095 3.87740 4.14132 4.22701 4.26344 4.37219 4.27611 4.12553 3.96834 3.79250 3.64203 3.46337 3.29487 3.06852
3.17212 3.47172 3.80005 3.99728 4.09858 4.13306 4.22019 4.15708 4.02444 3.88155 3.71185 3.56072 3.38983 3.23999 3.04321
3.12033 3.42021 3.70610 3.90050 4.00438 4.03672 4.09980 4.06958 3.94204 3.80658 3.63273 3.49271 3.32940 3.19338 3.00415
3.07309 3.36852 3.61592 3.80358 3.90130 3.94795 4.03852 4.00029 3.88616 3.73133 3.54610 3.41630 3.27131 3.13748 2.95777
3.03573 3.31233 3.54235 3.71381 3.84464 3.87715 3.98056 3.94441 3.82643 3.68858 3.49255 3.37464 3.24765 3.09693 2.93580
3.00000 3.26862 3.47682 3.62692 3.75234 3.81555 3.90016 3.88460 3.78885 3.64370 3.45382 3.33130 3.20143 3.05522 2.90829
2.96084 3.21513 3.39923 3.56913 3.70949 3.76780 3.84797 3.84080 3.75842 3.58478 3.41801 3.27985 3.14199 3.01244 2.85136
2.94403 3.19119 3.34477 3.52168 3.65849 3.70917 3.80309 3.80133 3.71981 3.55625 3.38483 3.22949 3.10794 2.99800 2.83205
2.91038 3.14483 3.30519 3.45571 3.61770 3.68635 3.76941 3.77425 3.66897 3.52351 3.36040 3.20001 3.08079 2.96462 2.76149
2.88140 3.11033 3.25254 3.42957 3.58035 3.65873 3.74016 3.73115 3.65657 3.49361 3.32583 3.16891 3.04707 2.93263 2.73038
2.84618 3.08246 3.21135 3.39249 3.54108 3.61916 3.71231 3.71015 3.61825 3.47579 3.29729 3.13413 3.02266 2.89195 2.70388
2.81806 3.03938 3.18025 3.34788 3.50464 3.60255 3.69369 3.66122 3.58026 3.44864 3.25815 3.10479 2.99956 2.86015 2.65724
2.78541 3.02713 3.15426 3.32601 3.46411 3.56762 3.67463 3.62980 3.56565 3.40567 3.23927 3.06661 2.96299 2.81615 2.61764
2.76430 2.99232 3.12673 3.28222 3.45243 3.55042 3.68532 3.61057 3.56513 3.38243 3.20438 3.04306 2.93327 2.77954 2.59358
4.51182 4.95438 5.28023 5.57690 5.69164 5.69738 5.70110 5.63082 5.50505 5.40236 5.25187 5.10612 4.85560 4.49056 3.94451
4.40119 4.85725 5.17933 5.44803 5.56438 5.60661 5.60496 5.50482 5.39878 5.30884 5.15081 4.98874 4.76404 4.42036 3.88915
4.30395 4.76876 5.09658 5.36056 5.44188 5.47027 5.47654 5.40668 5.31664 5.20431 5.06471 4.86797 4.68329 4.34223 3.82160
4.17876 4.67327 5.02511 5.27553 5.36412 5.37191 5.37695 5.30864 5.21021 5.10203 4.96603 4.75734 4.62146 4.25076 3.77604
4.07561 4.57838 4.94097 5.19850 5.27807 5.27848 5.28058 5.21342 5.10910 5.00375 4.86273 4.67326 4.53617 4.14795 3.70307
3.95663 4.48499 4.85448 5.10577 5.17684 5.16515 5.18491 5.12198 5.03045 4.92025 4.77629 4.58440 4.43926 4.05590 3.62956
3.84048 4.38265 4.75852 4.99859 5.07148 5.06284 5.09213 5.03214 4.94202 4.81409 4.68780 4.49438 4.32269 3.97872 3.56115
3.75959 4.28469 4.65162 4.88165 4.95086 4.95578 4.99098 4.95284 4.84606 4.72414 4.59510 4.41890 4.15941 3.89198 3.49062
3.66592 4.18618 4.55511 4.77916 4.84702 4.85938 4.90634 4.86119 4.76430 4.62041 4.49229 4.29519 4.01578 3.80581 3.44996
3.59538 4.06289 4.45107 4.66810 4.76524 4.77641 4.82313 4.76423 4.66639 4.53428 4.39531 4.16615 3.91750 3.71369 3.41816
3.53291 3.95408 4.35800 4.59868 4.66116 4.68000 4.73381 4.67814 4.57990 4.45053 4.27159 4.04697 3.83436 3.64065 3.36916
3.48679 3.86189 4.26732 4.48751 4.56790 4.59092 4.65028 4.60313 4.49816 4.36629 4.14457 3.95201 3.74920 3.57348 3.33552
3.42549 3.78859 4.14026 4.39244 4.48031 4.50792 4.55832 4.51974 4.41534 4.27627 4.02790 3.87242 3.67397 3.51433 3.29656
3.37152 3.73014 4.02007 4.28617 4.39815 4.42306 4.49222 4.45706 4.35696 4.16969 3.92874 3.77622 3.59975 3.44578 3.24913
3.33223 3.66182 3.92600 4.15234 4.33221 4.35576 4.44170 4.40137 4.27854 4.09006 3.86018 3.72063 3.57133 3.39669 3.23266
3.30048 3.60552 3.84813 4.02925 4.22321 4.28950 4.36400 4.33850 4.22198 4.01771 3.80792 3.66236 3.51746 3.34381 3.20011
3.26074 3.53983 3.75872 3.95088 4.13998 4.20829 4.29938 4.27728 4.16381 3.94395 3.76788 3.60960 3.45114 3.29408 3.15790
3.24449 3.51169 3.69880 3.88651 4.05361 4.10463 4.22580 4.22161 4.10547 3.90802 3.72977 3.55079 3.40754 3.27478 3.13700
3.20766 3.45501 3.63644 3.82276 3.98705 4.07856 4.19140 4.17568 4.02825 3.86646 3.69286 3.52394 3.36604 3.23398 3.08752
3.18438 3.40968 3.58019 3.78485 3.94204 4.03062 4.14469 4.11449 4.00068 3.81806 3.65480 3.47816 3.32710 3.20366 3.06430
3.15111 3.37715 3.53689 3.73977 3.89967 3.96468 4.08680 4.06149 3.94171 3.79963 3.61938 3.43529 3.29627 3.17296 3.03885
3.12759 3.33356 3.49983 3.69474 3.85780 3.93856 4.02884 4.00193 3.90697 3.77002 3.57112 3.39415 3.26775 3.14132 3.00119
3.10420 3.30443 3.47534 3.67316 3.81605 3.89934 4.02076 3.97652 3.90052 3.72308 3.54787 3.35025 3.22514 3.10282 2.96990
3.08899 3.25972 3.43234 3.62315 3.79287 3.87257 4.04538 3.96323 3.90220 3.68901 3.50717 3.31666 3.19724 3.08099 2.94591
4.85216 5.25362 5.63457 5.85776 5.92781 5.93126 5.93434 5.88703 5.82004 5.74508 5.60645 5.40953 5.16560 4.82567 4.38839
4.76688 5.16474 5.51447 5.77745 5.84667 5.86748 5.86736 5.82297 5.75171 5.67141 5.47746 5.27802 5.08761 4.76506 4.33300
4.67356 5.08669 5.41305 5.71264 5.78147 5.79814 5.79980 5.75583 5.67509 5.55865 5.35012 5.17836 5.01372 4.69716 4.25080
4.57663 4.99494 5.33353 5.63356 5.71229 5.71472 5.72277 5.66669 5.56263 5.38521 5.25291 5.07865 4.94721 4.62063 4.19528
4.48888 4.90123 5.23698 5.55144 5.63650 5.63797 5.63439 5.56440 5.39447 5.28155 5.16572 4.99338 4.86299 4.53848 4.10186
4.38449 4.81473 5.15648 5.42609 5.51509 5.51075 5.53373 5.42334 5.30167 5.20480 5.08327 4.90330 4.76411 4.46479 4.01757
4.26690 4.72275 5.06627 5.29505 5.36060 5.33919 5.38029 5.30716 5.22474 5.11527 4.99388 4.81361 4.65454 4.40685 3.92148
4.16522 4.64064 4.96866 5.18005 5.23351 5.23967 5.26595 5.23317 5.14287 5.02700 4.90435 4.72846 4.54059 4.32110 3.83697
4.05068 4.55109 4.87462 5.08331 5.14443 5.15297 5.19273 5.15058 5.06066 4.92939 4.80258 4.62428 4.42782 4.23683 3.78322
3.96432 4.45853 4.77026 4.97854 5.06535 5.07087 5.11114 5.06175 4.96985 4.84215 4.70085 4.53363 4.34002 4.12711 3.74874
3.88338 4.37052 4.67363 4.90182 4.96414 4.98193 5.02699 4.98279 4.88436 4.74495 4.59434 4.44737 4.26036 4.02127 3.68824
3.82804 4.28673 4.60084 4.79234 4.87510 4.89000 4.95076 4.90186 4.79992 4.66157 4.51124 4.36910 4.16548 3.91860 3.64749
3.74855 4.20818 4.50247 4.68953 4.77559 4.80051 4.86076 4.81641 4.70528 4.58716 4.43242 4.29161 4.06066 3.84408 3.59842
3.68704 4.13763 4.43120 4.59750 4.69519 4.71729 4.78858 4.74344 4.64527 4.51582 4.34283 4.19371 3.94483 3.76270 3.54572
3.63926 4.04518 4.35241 4.51032 4.62281 4.64692 4.73037 4.68786 4.58338 4.46351 4.27819 4.11757 3.90312 3.70679 3.52287
3.60284 3.96621 4.27249 4.42478 4.54901 4.59247 4.64912 4.62867 4.53865 4.40992 4.22574 4.02315 3.82425 3.64450 3.48188
3.55814 3.87754 4.18199 4.36496 4.49908 4.53521 4.59116 4.56674 4.49429 4.34917 4.17797 3.94612 3.76136 3.58823 3.43503
3.53662 3.83922 4.10658 4.30300 4.43978 4.46483 4.53773 4.52210 4.44457 4.31031 4.13022 3.86205 3.70776 3.56215 3.40887
3.49454 3.77086 4.01443 4.24407 4.39142 4.43549 4.50197 4.47292 4.39069 4.27246 4.07839 3.82278 3.65844 3.51743 3.35667
3.46685 3.72311 3.91383 4.19229 4.34858 4.39603 4.45577 4.43641 4.36513 4.21194 4.01368 3.77854 3.62084 3.48066 3.32691
3.42629 3.68003 3.85457 4.13931 4.30794 4.34887 4.41590 4.40601 4.31470 4.18551 3.94824 3.73169 3.58106 3.44250 3.29502
3.39522 3.63925 3.81077 4.08398 4.26709 4.31937 4.37657 4.35533 4.27615 4.14950 3.87575 3.68047 3.54205 3.40702 3.25891
3.36850 3.59833 3.78343 4.04661 4.22313 4.28131 4.37138 4.31260 4.25360 4.09003 3.84757 3.63470 3.48970 3.36525 3.22675
3.35572 3.54782 3.73206 3.97078 4.19894 4.24322 4.37583 4.28944 4.24685 4.01213 3.78837 3.59445 3.46195 3.34175 3.19279
