437.65373 463.03564 481.68659 501.34204 523.85047 542.57289 552.15280 555.26690 549.07685 534.76247 531.61427 526.61917 505.42301 488.78251 470.04977
431.06020 454.34021 474.87015 501.31073 529.01038 542.48968 555.25098 557.55950 551.72003 536.79152 520.97659 523.68560 509.71324 488.88989 464.48469
425.09556 448.64577 471.86943 502.71017 527.42625 539.88989 554.60938 557.24215 549.52402 535.09851 516.46002 514.02980 504.84216 482.85597 458.10681
419.29160 443.65376 470.63219 502.21379 523.48443 537.65941 549.65637 553.68753 544.81858 535.28724 512.94755 504.71251 498.36156 477.07123 450.81566
413.88620 439.38551 469.44284 499.92213 519.17602 533.05391 541.87920 549.03134 538.12235 530.16024 510.50183 495.95394 490.18232 470.05961 445.32953
408.81063 436.90288 468.18055 494.53263 513.82729 526.96838 534.60592 543.85868 529.96606 525.10691 507.13315 488.69056 481.07057 463.91125 437.47012
404.42218 433.70125 465.12807 489.40515 509.28905 521.00056 529.15554 535.83343 526.25388 519.87694 503.07711 481.41909 472.47777 456.70246 430.44391
400.20093 430.32947 461.33500 482.13625 502.53554 515.79401 526.09289 528.83403 523.86910 514.00794 498.69639 474.89521 463.64574 448.72776 423.55956
397.55106 427.15878 455.87615 475.19389 493.59278 509.34316 518.03752 521.01455 516.22489 508.52387 493.03152 469.02221 455.75917 440.15880 416.72897
393.91614 422.70435 449.04296 468.46297 485.38623 499.43198 507.96097 511.42143 506.64077 500.65685 486.54122 463.48412 448.18828 432.15505 410.30587
389.73346 417.62392 441.33168 460.12238 474.65264 490.79645 497.20293 500.63748 496.56543 493.17990 478.50520 457.21023 440.54146 425.28394 403.24791
386.02281 410.35725 434.92378 450.15930 466.92921 479.00195 487.18902 489.78026 488.49183 483.25637 471.85361 450.31628 433.27816 417.65175 396.18878
380.63679 404.20281 425.30792 441.08690 457.08003 467.74251 472.69073 479.82229 479.40834 474.23848 463.42464 443.07163 425.79742 410.26906 388.89381
373.49024 395.96795 415.32770 429.59615 444.38592 455.89265 463.64275 468.60993 468.94980 465.20546 453.86751 435.43427 417.96263 402.27425 382.20487
365.91986 387.60427 407.91852 421.69800 435.97938 444.35034 452.37560 456.24482 455.88267 455.49794 443.05807 427.04472 410.74293 394.71328 375.11746
357.68122 379.33617 397.06235 408.87623 420.77115 431.93919 440.51142 445.84489 447.10310 442.98777 434.18740 418.33030 403.21915 386.60340 367.32381
348.34019 368.60757 385.14709 399.25434 411.20091 422.64453 431.50452 437.06415 437.49211 431.27516 421.52407 407.71552 394.04786 378.17796 359.14789
339.34697 359.96941 374.40064 388.60060 398.72670 410.69077 423.51359 427.08685 426.11544 421.27423 411.63080 396.77778 384.89900 369.87643 351.11843
329.11785 348.45894 363.57839 375.03978 386.98972 402.86389 410.82216 412.52135 413.42573 410.87973 399.85022 387.03405 375.15055 360.66604 342.70952
319.21874 337.15636 350.25885 363.90559 374.98011 391.16169 396.95933 400.14372 400.48231 398.57350 388.82909 375.90585 364.55768 351.53341 333.85133
304.53076 325.75001 337.47398 350.39451 363.56092 377.61743 386.51133 391.75913 388.79864 385.49132 378.47175 366.14880 354.61536 342.06182 325.26006
296.97556 311.35408 322.22553 337.85693 351.12481 364.97524 369.89778 378.56538 372.66224 373.29002 365.43460 355.84488 344.16681 332.76252 316.04523
285.69599 298.71966 310.09727 324.64447 336.55356 351.46349 349.80035 362.70845 353.69045 361.31365 353.17879 343.44612 333.92340 322.69739 306.19815
272.06631 283.68012 298.06015 309.10877 323.36004 336.46735 332.66676 345.94464 338.63118 347.92752 341.05855 330.96839 322.65826 312.04954 296.28434
481.70599 508.11795 537.83723 560.31696 568.45284 577.14154 584.70161 587.48690 587.04941 591.47757 578.22766 528.72493 505.65852 501.93348 499.43616
479.22557 506.96385 532.69296 547.25710 559.85055 571.92120 582.94632 585.17463 580.51396 578.02628 582.29636 550.36750 522.43732 509.41485 498.88285
473.94671 502.04903 525.56449 540.18603 556.64031 569.11268 580.37479 582.83757 577.51302 570.18800 575.02359 555.03351 523.93686 507.46391 494.55084
467.84544 495.68706 518.63499 534.99236 553.21864 566.17977 575.49826 579.08921 572.80029 565.82641 566.01616 556.63016 524.00698 503.90851 489.75009
461.32642 489.05916 511.54159 529.93077 549.02456 561.12783 568.63684 573.93600 566.34512 559.61062 557.50324 553.36213 526.05026 502.63059 486.12180
454.28114 482.57293 505.36958 524.63699 543.95200 555.32052 561.79158 568.79846 559.34803 553.61325 549.48595 547.56919 525.25439 500.43095 480.96066
447.52397 477.07725 499.10564 519.66327 538.85152 549.14165 556.41634 561.80879 555.27551 548.20561 541.95151 540.02768 521.82771 497.20815 475.53497
440.46609 470.29609 493.01795 513.12344 532.55323 543.49464 552.79040 555.42734 552.04943 542.30199 534.27871 531.27912 517.03536 492.62603 470.01052
435.60368 464.23146 486.88997 506.83201 524.35092 536.72793 545.42655 548.53481 545.21516 536.74397 526.78781 523.06225 510.62565 487.46296 463.63798
430.20167 457.95658 479.73486 500.05213 516.47937 528.30258 536.83535 540.57079 537.05124 529.60874 519.48713 514.96812 503.94211 481.12888 457.48858
424.37789 451.07614 472.34863 492.47960 506.79946 520.68144 528.02555 531.86011 528.66908 521.66311 510.55094 506.32891 496.45633 474.73195 450.89645
419.38178 443.52296 465.42155 484.02272 499.00673 510.73961 519.29594 522.59359 520.68335 513.02623 503.09889 498.09452 488.79485 468.03963 443.80899
412.91730 436.56695 456.73611 475.40556 489.78013 501.46391 507.90815 513.31463 511.37743 503.74463 494.67308 489.46200 480.84581 461.19659 436.48216
405.68858 428.30712 447.91198 465.20277 478.71015 491.28656 498.72001 501.87352 500.34072 494.96362 485.56275 480.65400 471.93406 453.93531 429.19102
397.42927 420.18290 440.30835 456.87027 470.42277 480.62773 486.92156 489.11893 487.98242 485.13040 475.61383 471.98567 464.38705 446.30502 421.51511
389.14667 411.74541 430.79374 445.43206 457.43352 468.93179 475.39126 478.76289 478.86450 474.26299 467.47573 463.29029 455.73146 438.50481 414.03119
380.08832 401.84732 420.36530 435.63601 447.15951 458.51667 465.91645 470.27016 469.84459 464.03144 456.75922 453.51768 446.87171 430.22037 406.03974
371.58055 393.20281 410.43470 424.48905 435.92393 447.24070 457.40080 460.73387 460.18970 454.90636 448.18073 442.87147 437.74853 422.14522 397.92499
361.76502 382.99409 400.02819 412.21972 425.26104 438.98622 445.40671 447.24551 449.14567 446.20876 438.16455 433.93447 428.17800 413.20356 389.93471
352.19062 372.62511 388.10018 401.41906 414.80232 428.11726 432.41743 435.59513 437.76515 436.42852 428.87246 423.89818 418.13396 404.22573 381.65472
341.75808 362.35169 376.34810 390.00293 404.46615 415.47628 422.02032 427.06495 427.19979 426.30616 420.10852 414.22440 408.82484 394.61483 372.87885
331.21364 350.03120 363.68854 378.69350 392.88581 403.70262 407.20348 415.41988 413.65380 416.33520 409.98637 404.77347 398.66805 385.68425 364.42229
321.09637 338.96972 352.91065 366.14643 379.44510 391.80191 390.06581 400.79920 398.21784 405.85918 399.90969 393.92052 389.25032 375.47484 354.74887
309.42037 326.59314 341.42980 351.46406 366.49284 378.69500 375.34108 386.11336 384.34210 393.34534 388.94973 383.00013 378.40552 365.47442 345.57754
513.42061 530.72951 558.23809 593.89157 624.72089 632.18136 633.79360 637.58377 640.80391 620.03016 559.70516 511.21227 501.79283 505.02699 512.36089
515.54381 539.12842 572.45215 606.89233 620.75320 619.46856 621.13656 624.31327 630.80495 631.78397 585.24534 527.45014 512.16987 510.06419 515.43160
514.48918 542.44086 578.64899 605.70276 611.63043 610.73456 614.34028 617.13393 621.57016 627.59828 596.60860 536.90689 515.32252 510.22074 514.57400
512.63126 545.37798 581.27230 600.22426 602.89865 603.50382 607.62502 610.82710 612.46120 621.31286 603.33790 544.64921 516.11195 510.23192 512.88483
511.63808 547.15328 580.11885 593.21288 594.74697 596.65471 600.44581 604.78697 604.21133 612.04721 605.46298 553.05521 520.55307 512.11603 509.42837
509.84793 547.37574 575.99139 583.89679 586.68596 589.66681 594.20956 599.67356 596.59908 602.96447 603.79258 557.94944 525.48261 512.54544 507.46007
506.92650 545.19457 569.41681 575.52893 579.42425 582.91771 589.03443 593.73027 591.08303 595.06514 599.71395 561.59589 526.42848 511.26458 504.16236
502.83650 540.25553 562.05112 566.88866 572.30766 577.10769 585.00464 588.16034 586.80854 586.66450 593.63200 562.96616 527.46997 509.41173 500.94263
498.81902 535.44743 553.80042 558.77315 564.26509 570.82381 579.05988 582.34029 580.67864 580.14033 586.36647 564.29174 526.93242 507.65656 497.68368
495.02756 528.86891 545.38593 550.58443 556.21229 563.37990 571.78894 575.62907 573.80507 573.18325 578.37108 562.54617 526.06820 505.94652 493.58454
490.17261 521.91500 536.47825 541.84486 546.72407 556.20526 564.47632 568.62315 566.69526 565.67112 569.56219 560.02934 526.08413 505.18691 489.87662
485.21470 514.41106 527.61216 533.14782 538.92639 547.79377 556.77886 560.76626 560.20766 558.42141 561.95944 555.24981 524.24414 502.25902 486.61443
478.70573 506.14612 517.96914 524.24635 530.48921 540.00166 547.27007 553.91824 553.04276 551.76253 553.36024 548.78043 521.81896 499.97851 482.08457
471.26144 497.31892 508.44117 514.25653 520.60735 531.53837 540.09873 545.35740 545.47612 544.73439 544.86486 542.39964 518.03823 496.17115 477.17431
462.91688 488.60402 499.64902 505.59362 512.78697 522.65073 531.41982 536.28548 536.76907 536.79357 536.18241 533.93456 513.29794 492.12434 471.79384
454.08716 479.13551 489.77753 494.72570 502.32204 513.23631 522.94869 529.30857 530.90462 528.23180 527.92835 525.21697 507.81436 486.69537 465.61606
444.78710 469.01070 479.15285 485.19270 493.32204 505.21788 516.13096 522.83570 524.22840 520.73800 518.70913 515.18951 500.44593 480.20275 460.08894
436.67091 459.29959 468.59372 474.36903 483.41030 496.27980 508.57709 514.83456 516.22897 513.76003 510.60644 505.04899 492.21095 473.79995 452.97778
426.80581 449.14484 458.38635 463.19354 473.87217 489.13128 499.67051 504.96193 507.68404 506.09296 500.93384 495.28131 483.33026 466.50264 445.30871
416.84323 438.59639 446.81450 452.60346 464.29554 480.19215 489.60146 495.40632 498.55302 497.86922 491.78670 484.77769 474.00647 457.77915 437.59737
406.27868 427.74989 435.55556 441.41479 454.73584 470.15698 480.48878 487.35860 489.57379 489.07709 483.09154 474.84815 463.88640 449.09554 429.26432
395.74283 415.57667 422.81224 430.28770 444.67439 460.00797 469.44738 477.93937 479.12413 479.67992 473.15430 464.41972 453.56369 439.46223 420.23068
384.86131 404.52962 411.60231 417.92915 432.71374 449.04078 456.88635 467.70138 467.49689 469.23967 462.56970 453.22163 443.79950 429.20313 410.82054
373.16681 392.23536 399.02465 404.69375 420.22419 437.45523 444.74526 456.60676 456.44559 457.78962 451.61084 442.27981 432.18644 418.91136 400.97212
537.51288 539.08080 549.41765 579.48873 636.49247 682.93531 703.84877 702.16827 668.08433 602.74668 549.47470 519.58234 516.76997 521.26003 531.28228
537.87868 542.31659 558.21337 598.43061 658.39111 691.35369 703.64394 705.17574 684.16826 620.53823 556.12227 519.37452 515.87151 516.39750 527.53844
543.55300 547.78097 568.42983 620.46554 673.59556 694.52077 702.21527 704.42954 693.50603 638.14141 569.53917 527.09877 518.65689 517.57251 527.58351
547.02752 555.83534 580.40186 633.68913 675.00534 688.11573 692.95292 696.65335 692.55165 651.03026 578.87325 528.03276 515.99565 517.90084 525.98241
552.14964 565.10295 593.53678 643.93631 673.17666 681.56824 685.15055 689.94166 688.58365 660.36581 589.43516 531.28716 515.78508 518.03797 523.44166
557.15225 574.16572 604.80487 647.33224 669.00516 674.17020 678.07845 683.77379 683.02612 663.88133 597.23868 537.32280 519.16235 518.85094 524.40840
559.33167 575.28738 607.27689 641.90478 659.35493 663.63413 669.63076 675.37178 675.87599 662.11101 603.54361 540.40122 520.02226 517.58981 525.00865
563.45464 582.03500 611.87262 639.54642 653.33391 658.08887 665.26211 669.46628 670.55179 659.36801 610.50614 544.42071 521.39293 519.97049 528.72187
557.17120 576.68050 606.27720 631.22989 642.43209 648.55312 656.16196 661.65815 663.10665 654.33115 613.29846 546.04499 519.77613 515.38092 525.04112
558.20754 577.44147 603.77497 625.73295 634.90610 641.52714 648.96886 654.45116 655.68736 649.25488 612.94831 552.34350 523.52313 521.24090 527.80178
552.86211 572.07749 597.92736 617.03937 624.45443 633.30154 641.57438 646.81026 648.45023 641.71388 609.64633 553.19104 521.20547 517.96909 522.61762
548.87430 567.50058 591.97715 608.72719 615.92966 624.93108 634.05991 639.11449 640.89619 634.76046 605.45482 554.88409 522.44074 517.49439 520.77617
544.05327 561.66447 584.33396 599.62962 607.14946 617.30787 625.72085 632.53077 633.35941 626.42926 600.08641 555.57175 522.91425 515.41700 518.11929
537.12161 555.80849 575.89882 590.08018 598.03661 609.48806 618.72148 625.27672 625.66643 618.48656 593.53897 552.74259 520.57279 512.08471 513.94646
530.39684 548.46406 567.96660 581.32918 589.96471 601.62812 611.15277 617.31499 617.36392 609.56665 585.35106 548.79676 519.44678 511.19885 508.98623
521.75713 540.06722 558.77065 570.73983 580.16568 592.67161 602.83466 608.69408 608.14666 598.49553 576.43266 542.00227 516.86128 506.72501 502.88097
513.00503 531.53159 549.26056 561.85619 571.96575 585.61637 596.29229 601.78475 599.89440 588.77154 566.95684 535.04317 512.87117 502.17282 497.43660
503.80238 522.07201 538.91913 550.83533 561.38658 575.25524 586.62431 591.24865 588.99067 578.09739 556.06240 525.71424 506.51704 495.66805 490.99061
493.98233 511.88500 528.70193 539.48690 551.88582 566.62635 576.23001 579.49702 577.00259 567.07295 546.26673 517.96776 500.61429 489.57733 483.60910
483.97764 501.89453 517.79146 529.43452 542.64046 557.51760 565.87205 568.40697 564.80543 554.94338 536.32196 508.93412 492.58406 483.05008 476.71554
474.49476 492.21765 507.59206 519.48678 533.90835 547.94449 556.00294 558.94927 553.24699 541.21402 525.92612 501.12746 485.23330 476.35700 470.12457
463.95730 481.24479 495.90140 508.59144 523.73851 537.26156 542.67588 547.14304 538.28452 528.04653 513.52082 492.64075 477.69033 468.54914 462.56357
452.49036 468.98497 483.37605 496.54783 511.98688 526.61944 527.62780 533.42868 523.72527 516.20236 501.00537 482.02640 467.26573 460.04780 453.98578
441.64009 457.87033 471.83477 484.44146 500.70125 515.29069 515.05311 519.49054 510.63710 504.20654 490.18888 472.29545 458.93324 451.56680 444.71033
519.32639 518.79508 524.30655 551.77682 598.31780 641.87498 671.58091 664.06536 625.08850 571.86584 532.96965 511.76967 506.77108 507.63860 512.76240
522.87200 522.44188 534.41036 568.30718 621.31723 670.85100 699.15768 693.89474 648.61885 585.62477 537.62708 511.48790 504.69764 506.09450 510.62027
526.38645 525.19760 540.86696 583.59173 642.87473 689.51367 712.24464 708.42904 667.16311 597.86336 543.45076 510.84924 504.95674 503.95318 511.10976
530.86255 530.28413 548.50971 598.08881 660.30631 698.70851 716.65138 716.05775 681.75968 611.54375 547.97207 513.05346 504.55960 501.78424 510.25440
537.88362 537.31346 558.83376 614.22222 670.51021 702.16716 716.39013 718.66349 688.71421 622.64603 554.45754 514.66931 502.34436 502.29000 508.58022
545.15754 544.48601 571.19279 626.07868 676.31252 702.18307 714.99011 718.03035 692.06056 631.93572 559.73470 512.76039 499.76743 502.89645 507.56543
551.67697 551.14126 583.50302 635.00161 678.44009 700.52259 712.88030 716.27774 693.90394 639.82064 564.99238 515.77474 501.87591 502.02267 508.54420
553.81757 557.85317 592.30536 639.19221 675.83717 696.29487 709.03626 711.58528 694.85778 645.11172 570.00857 518.68619 502.81586 500.27473 507.14200
555.65078 561.37783 596.94793 640.27634 672.59786 690.17780 702.94566 706.11690 691.92728 645.68472 573.84820 518.49604 501.62519 498.00605 506.78890
556.09702 563.99936 598.24573 638.79324 665.87357 683.46845 695.70114 698.49958 685.47004 644.75269 577.05997 518.02289 499.13228 496.65270 506.62776
555.70347 565.10980 598.44670 635.19621 658.29143 675.97347 687.71783 690.38914 678.32700 640.34716 577.29990 518.74346 497.16166 496.15642 505.53576
554.23727 563.51639 597.94231 629.12083 650.22838 667.65490 679.62546 682.08966 669.43038 633.27857 576.26227 517.75395 495.96362 495.97434 505.14695
552.10302 561.97293 593.26492 621.67704 641.75450 659.59183 670.57404 671.24970 659.50408 625.80435 573.58973 518.67533 494.58869 493.68257 503.44999
547.20810 558.75477 587.56513 613.51707 632.26251 650.23333 659.86246 658.71636 647.14595 616.41938 568.59605 517.77115 493.92338 491.25471 501.53600
541.56336 554.10574 581.08289 604.57010 622.97845 640.09343 647.55519 645.05968 633.08901 605.47974 561.83164 515.20849 493.49294 489.69626 498.51393
535.25041 547.88050 572.70586 594.71467 612.36042 629.74478 636.38156 631.86933 618.88896 593.74977 553.86981 509.75996 492.79185 488.30691 493.98861
527.32147 540.41151 563.63347 584.33576 602.76685 618.25449 623.01724 619.07161 605.55216 579.99975 543.44682 506.60520 489.16454 485.31480 488.58742
519.74026 532.57638 553.79784 573.09516 591.65599 606.19563 611.21109 603.96211 590.45710 567.13878 534.04279 500.34046 485.23699 480.23931 483.71702
511.68239 523.38922 544.78388 562.08081 581.20449 594.86009 594.06294 585.21476 573.76357 554.56404 523.24583 493.66035 479.31051 475.51766 477.68928
502.92927 514.71577 533.61661 550.95630 570.46427 580.20141 575.89043 568.01942 555.65555 537.79331 513.00022 485.37489 472.64997 469.50035 470.68007
494.10314 505.44511 523.25994 539.79361 558.91650 564.00780 559.66451 553.50372 539.01646 520.76334 502.71985 477.10805 465.68045 462.02613 464.91645
485.28470 494.68105 510.97424 529.22474 545.76808 547.92319 540.54286 538.09854 518.91136 506.06342 490.29929 469.76928 459.04573 456.01185 456.10863
475.67476 485.55793 500.43962 517.41942 531.65935 532.87847 520.56273 520.40236 499.34026 492.23521 478.98798 460.45108 450.81419 448.32205 449.83690
466.09085 474.65679 489.48953 505.57185 518.67656 518.04628 505.23012 503.57656 484.06682 478.90557 468.01949 451.15199 441.87123 439.25507 441.43249
550.23631 548.62253 554.54799 572.12474 600.70784 631.99087 652.35953 647.99151 623.37673 588.56036 568.15732 556.38987 547.70039 545.39761 549.24235
551.76186 546.04852 554.35365 574.58235 609.03338 643.57997 665.65216 660.52900 629.72908 591.35308 563.54418 549.62205 543.49424 543.34706 544.66319
553.56420 547.42288 555.54947 580.19768 621.68331 658.97041 680.49186 674.08014 637.77330 595.78348 562.78991 544.81979 542.31722 541.79574 543.07916
556.19189 550.99522 559.41694 589.19301 634.25614 671.72688 690.31602 683.81484 647.09866 600.24543 565.31027 545.89737 542.20562 539.06502 540.76957
559.54002 554.66389 564.74748 601.12098 645.82334 680.01051 695.53163 691.23968 653.89442 603.81221 565.81681 545.82240 539.56598 536.25025 538.24373
563.44523 558.63108 571.05398 611.25206 654.14073 684.80125 700.07089 693.16540 659.17741 607.21728 566.24599 543.57465 537.13564 535.03701 539.20962
567.73987 562.07197 578.45403 619.07668 657.70561 688.30408 701.55361 692.23474 660.50363 610.80457 565.00517 541.82649 533.55644 533.69048 541.33556
569.83764 564.95839 584.60483 623.50280 660.40698 690.79417 701.68783 690.84133 661.08153 614.22059 565.81390 539.12102 531.58737 531.68267 540.57083
570.73259 566.37593 588.68879 626.56857 661.56885 687.98677 696.77535 687.08033 658.30099 614.61731 566.85087 536.61848 530.54340 531.42492 541.40466
571.16513 567.37054 590.07313 627.47423 659.99966 683.34568 689.76841 679.49691 651.64575 613.09169 567.73389 534.58942 527.75002 531.27224 539.62209
570.96240 567.25011 592.40070 627.27829 656.14171 676.18235 679.40319 669.86848 643.48788 608.48758 565.92489 534.04039 526.68808 531.38375 539.25044
570.79057 566.10262 591.74002 625.05009 650.60939 666.75351 669.82174 658.35037 632.74655 602.23500 564.68525 533.70534 526.80784 530.32344 537.50505
569.26039 565.59350 590.71887 619.84844 643.84378 656.64978 655.15512 644.90738 623.50831 594.67801 561.74691 533.18518 525.04416 526.77384 534.56994
564.80605 563.19404 587.40265 613.79481 633.67526 643.19510 640.99979 628.46807 608.49533 585.37397 558.45692 531.28043 523.76127 525.71390 530.95775
560.19794 559.60147 582.43753 606.24582 624.94513 630.24762 623.97585 612.80149 593.87498 575.18959 552.48096 527.36849 522.29353 520.93976 526.66029
555.86557 553.60752 576.72810 596.42378 611.46883 613.67316 608.64909 595.71634 579.45490 563.35909 545.73659 524.30651 519.65234 518.03082 522.74229
548.94321 548.77406 570.39019 587.10693 597.86580 598.59268 593.60748 581.48027 565.49666 551.59492 537.45624 519.25071 514.99302 512.36154 517.41773
543.92760 543.50500 562.01131 576.14401 584.71364 582.94199 578.72930 568.23535 554.33818 541.38491 528.76173 513.70796 508.19021 507.75524 511.74394
537.06370 537.05421 554.04416 565.02921 571.43794 569.34032 563.08413 551.52518 540.02433 530.11354 519.96744 506.80755 503.02169 500.01843 506.07182
530.71999 530.42993 543.88364 551.81907 556.98414 554.03164 547.09844 537.43262 527.20817 517.44089 510.56095 499.08716 495.17941 495.35375 499.26663
523.07955 523.32508 534.43167 541.18879 543.86762 539.20860 531.93747 526.69146 514.85110 507.29710 502.66291 492.43080 489.30391 489.31833 493.48620
515.18630 512.17722 521.54496 528.78767 529.33850 524.05253 516.69120 514.76907 502.00827 496.30008 492.33926 485.12589 483.14213 483.85280 485.80868
507.71011 504.65476 511.48510 516.54361 513.63843 509.17501 499.06862 501.14610 487.43060 486.64837 482.69335 477.23464 476.06334 475.67809 477.57535
498.70104 494.85650 501.69092 501.90287 499.45880 495.33574 486.66977 486.43108 475.44001 477.30662 474.89392 469.30361 466.68331 468.30979 468.84179
589.39639 587.17155 588.34710 598.56814 613.24293 625.84702 636.95869 637.87774 628.71899 618.27904 611.33163 603.78697 593.73045 585.96207 586.71350
588.62431 585.66238 586.74403 597.31468 612.08222 625.52594 637.00271 636.28246 625.79699 612.44985 604.50851 596.90366 588.03519 581.07324 582.42251
588.08495 585.93198 588.14261 598.44361 615.28954 628.63188 642.09000 639.53525 625.10198 607.68900 599.25116 591.90096 584.23963 578.55601 582.37501
588.37010 588.21666 589.22611 603.36230 617.43037 635.27761 646.72967 642.51470 624.70579 606.66921 594.53029 587.21290 580.29418 577.73337 581.22370
588.40649 587.28890 590.23814 607.10443 620.81507 640.08659 650.17908 647.27538 626.52218 604.57680 590.48443 583.67053 578.14466 575.39977 579.75216
589.24777 587.56182 592.46618 608.55280 624.73238 643.28810 653.86027 649.49535 627.50431 603.48053 587.34037 579.84740 575.97534 575.89501 580.43030
591.68050 587.81618 595.39103 611.71065 626.12021 644.98429 655.19737 650.17174 628.07857 601.93981 584.98266 577.32171 575.49595 575.59605 580.09981
591.16931 585.55499 594.98933 611.52596 626.47768 645.62351 653.76431 648.71593 629.13438 604.39758 584.09409 575.27427 574.46339 574.04783 578.98494
592.08145 583.88308 594.89057 609.22733 625.26951 641.22085 650.57225 645.00990 625.48057 602.25056 584.48295 573.12709 574.01796 574.12167 576.98004
592.40646 583.05936 593.73140 607.50796 622.36367 639.05286 646.35176 639.41291 621.73171 600.31275 581.80126 571.05613 570.63270 571.66187 574.17900
590.29983 582.47337 591.78624 604.86879 620.17743 634.73560 641.20006 632.98573 615.75589 596.81166 581.08675 569.19292 568.67131 569.47098 571.23416
588.14577 579.71083 588.93715 601.07833 615.78589 630.23080 634.54489 625.38710 608.12386 591.97412 577.56028 567.97671 567.04086 566.86332 570.04310
585.01281 576.64524 587.33284 597.15058 611.29003 622.72105 625.31557 616.70636 601.01269 587.35221 575.98287 564.29682 562.60917 561.81214 565.23948
581.09509 571.98332 583.36859 593.12804 605.97809 614.43012 616.18939 607.83084 593.40467 580.60563 571.11100 560.55572 557.66437 559.02144 561.40907
578.48425 567.52064 577.13469 587.70395 598.59451 606.40614 605.79520 596.55512 585.26155 573.71118 566.72940 556.08971 554.90515 553.55853 557.63801
574.01883 561.79567 571.85080 579.36032 589.10137 596.54589 595.89285 587.02402 575.80057 566.33552 560.84410 551.02247 550.62131 550.19025 552.81296
568.46321 557.10827 563.96305 571.01054 580.13256 586.50896 585.20862 577.54609 567.44743 559.67112 552.90506 545.44685 544.82419 543.35900 547.50561
562.01607 552.86147 556.22043 561.87338 571.11259 575.37228 575.42169 570.10783 560.48401 552.32552 546.45964 538.59770 538.99387 539.19775 540.60398
555.73165 546.64353 548.53246 551.54314 560.32634 565.06384 563.85782 558.63483 551.60512 544.67112 539.24940 532.40527 533.92160 532.63080 533.93281
548.88486 539.60067 540.81875 544.38777 549.99333 553.77364 552.66809 548.76415 543.78051 537.29614 533.20758 525.91540 525.20852 525.71255 527.65846
541.70813 533.57574 532.57616 534.48281 540.43872 542.02849 541.94856 541.56746 535.51104 529.15476 528.02601 520.81266 519.69999 518.02739 520.75393
533.71544 522.79390 521.02840 524.58001 530.15730 530.73946 529.54226 531.67834 525.47775 521.99899 519.35320 514.10399 512.22675 510.12045 515.96533
526.07264 513.81223 513.44886 514.66263 517.71129 518.57278 517.53986 521.01074 514.08770 514.12896 511.86339 506.70068 502.45282 502.67429 509.17931
517.66492 505.84100 505.31457 505.55650 507.99798 507.21290 506.97857 509.46780 503.90906 506.16253 503.19123 497.84375 492.38707 495.12914 500.39048
629.77089 634.94520 640.16308 646.21445 654.43682 660.31609 669.96434 673.86189 671.78269 669.63099 666.46861 659.97523 647.48359 640.96840 637.91923
627.15840 632.00198 635.88371 641.88414 649.23311 657.15761 666.19482 668.76514 666.07969 660.79911 657.42543 650.58341 641.15568 634.83563 632.86875
625.53663 628.99674 634.99796 641.16155 649.08336 655.28282 665.80776 666.39719 661.72509 654.35966 650.87551 645.71599 636.25905 631.51113 630.35964
624.61186 627.61525 632.82093 640.76019 648.38082 656.13558 664.19231 664.05908 657.83705 651.12800 645.41890 641.05873 633.95665 629.66076 627.68923
623.59076 624.96192 629.31663 639.28301 646.15530 656.02177 662.69550 663.08558 655.60338 647.04786 641.22257 636.31706 630.36977 627.61363 625.04821
623.84510 623.14699 626.91611 636.79748 645.39443 655.90941 662.44241 662.33473 652.93147 643.91834 637.22964 632.39480 628.09269 626.18080 622.52086
624.44015 620.88880 624.54692 634.71128 642.75831 653.15761 661.04378 659.26710 651.44540 641.16319 633.40572 629.00661 625.05987 621.39983 620.31975
621.70791 618.90147 622.62965 631.52768 639.79120 651.56430 657.26366 655.38924 649.59828 639.40615 630.47095 626.19696 621.39614 617.57519 617.80426
620.51457 615.07710 619.89100 628.86683 637.23311 647.51326 653.40726 649.94641 643.74583 635.23211 627.85249 621.26867 617.39206 614.84058 614.69416
619.45327 612.85979 618.42752 626.69975 634.29420 643.80003 648.29214 645.39120 638.31848 631.13799 623.58025 617.05312 613.75878 612.09712 612.57586
617.17308 608.73210 614.97190 623.94171 630.84114 639.51166 643.46485 639.49546 632.55253 626.05841 618.47657 612.47126 608.90553 608.91741 609.25423
615.41866 603.62201 610.04011 619.47851 626.38153 635.12027 636.69976 632.20841 627.06954 621.28999 614.90014 608.38154 604.63299 604.68371 606.30851
612.95266 599.45011 606.87097 614.55098 624.11507 630.80760 630.22787 625.97689 620.20919 616.70776 611.24505 602.11294 599.81455 601.14810 599.95437
608.63514 595.33133 602.38599 609.08875 617.21138 623.04502 624.42623 621.13480 614.35409 609.39156 606.52687 597.91763 595.87955 595.33217 595.95124
605.50233 591.72524 596.55186 601.59530 610.42513 614.98634 616.41855 613.50923 609.71485 604.11716 603.74471 595.38647 591.99971 588.47837 590.93265
598.34913 588.58070 594.16955 595.61344 602.62171 607.53582 608.32766 607.38603 602.76847 599.84243 598.82314 588.95828 586.97185 583.46768 585.61909
593.82524 581.69374 588.28357 588.76272 594.56069 598.30920 600.34506 599.53354 596.45362 592.13334 590.45015 583.84223 580.05512 577.60793 583.18832
585.98272 577.09098 581.74816 582.15980 588.30065 589.30843 591.59974 591.90192 588.04106 585.66953 583.50996 575.89516 573.11039 571.40404 576.92701
579.57327 570.58634 574.35890 575.83635 581.61727 582.87579 582.54297 582.54098 579.87450 578.19275 575.80297 568.17870 565.69328 568.31098 571.04290
572.80824 562.19817 566.09355 570.88817 573.76250 575.91613 573.67066 572.28156 572.39603 569.24830 567.75539 560.90532 559.10525 561.42759 565.62193
566.98779 557.47718 558.60170 562.54620 566.99445 567.20766 568.28781 568.45311 564.62030 560.67736 559.48335 556.14305 553.32439 554.80478 558.77687
559.04255 545.51331 547.49846 553.54299 556.84832 560.04589 558.45245 560.72019 556.24363 555.56669 553.86263 549.77199 546.36460 547.93823 551.04068
551.74072 538.30054 540.48510 544.57512 547.95672 551.48596 546.98773 550.81992 544.44536 550.41234 547.17223 543.83589 539.38047 540.15266 543.83339
544.97903 529.80038 533.24844 536.33436 539.49002 541.59526 538.71902 542.31443 537.78614 542.70053 541.20563 535.39705 531.11322 530.81477 535.91589
601.84889 619.39739 640.60086 671.08048 696.49097 744.09782 784.62777 804.51910 807.33271 792.28825 760.30248 709.48484 658.97762 623.20840 596.99043
600.04256 622.77238 647.95570 670.26971 702.58680 761.62681 800.12296 815.40887 813.59900 804.62360 781.06366 734.48861 675.48152 626.34994 595.74861
594.52058 618.51640 644.09736 665.75757 708.27229 765.12771 801.39899 811.12416 805.34898 799.41691 787.17030 746.20828 689.74381 633.18848 595.06578
588.25259 613.49261 639.48509 662.90224 713.02480 767.31962 798.04922 805.63101 799.62395 793.04103 784.30744 753.53637 701.37829 642.80927 596.59807
582.50490 608.04599 634.44008 660.50186 716.31432 765.59877 788.99888 798.83156 792.84557 784.27563 777.79295 755.03897 710.16803 653.23339 600.89917
576.22593 603.24900 629.10790 658.92538 717.96543 761.62562 780.19244 794.20846 785.25954 777.02944 768.83276 753.78651 714.53732 663.35096 607.92658
570.72030 598.38586 624.21595 657.45978 718.52693 756.98729 775.30301 786.61109 780.01310 773.19889 760.44605 748.03594 718.18293 669.11067 616.77128
565.23838 593.05232 619.07119 655.86462 715.82124 753.29481 775.27608 779.04148 774.04085 762.66020 753.98795 741.40219 717.14404 673.55541 624.10764
561.07923 587.82321 614.24043 653.98374 710.69878 747.24604 766.83899 772.40409 767.20186 757.10586 747.23601 734.43857 712.61878 675.80874 630.27251
556.74301 582.14672 609.12080 651.25562 704.93339 737.50802 755.51358 763.48408 758.63795 752.42818 739.27967 725.83201 705.94010 675.83927 631.42190
551.46785 576.21497 603.38649 647.29529 696.81503 727.79059 744.21037 752.34417 750.12660 744.05250 731.23191 718.34824 698.58776 674.04485 631.90946
545.95957 569.72253 598.93433 641.96811 689.76234 715.86878 732.16044 740.05363 741.57938 735.28458 723.57670 709.51620 691.21878 666.78898 631.71684
540.29060 563.54717 592.72195 635.86510 680.32923 704.12450 715.72354 726.70516 729.57081 723.79038 714.58305 700.52850 682.64024 659.09915 630.20302
533.47644 557.04686 586.42933 628.22545 668.56830 691.56818 704.60333 711.99278 715.10276 713.09652 703.95483 691.23958 672.97196 650.16051 625.02185
526.77365 550.39482 580.94122 620.94078 659.96815 678.38346 689.20109 695.36196 699.78985 702.47188 691.58691 681.93108 663.61063 641.93286 617.63257
519.48319 543.59674 573.47789 610.93330 644.89496 665.70003 675.82465 682.01629 687.07261 687.85848 681.61304 671.51650 656.03885 633.13288 609.59965
512.60373 536.60686 564.86995 601.68548 633.12105 653.83273 663.18687 671.21077 675.02850 674.77003 667.75700 658.06872 643.89048 622.55061 601.19648
505.46147 529.51353 557.03458 591.06079 620.79197 640.63179 653.83878 659.93241 664.14046 663.27762 657.63306 644.63407 632.26594 613.14193 592.44463
497.81910 521.11468 548.35289 578.67479 608.29044 629.16560 639.43843 643.56999 648.53880 653.68548 644.71977 634.11478 619.98535 602.53786 580.89864
490.02680 513.04225 538.42222 567.97576 595.90333 616.56941 624.60747 630.81629 634.11151 639.36874 634.70481 620.09844 605.95242 590.86690 569.77217
482.47858 504.94830 528.64179 556.19665 583.88988 602.16288 613.31706 623.37430 623.06074 624.95060 622.30518 605.99410 590.16147 575.44248 557.48364
473.48204 494.44047 517.27600 544.98168 571.07818 589.25417 595.14857 613.20692 607.51031 614.57313 606.71070 582.93481 563.93805 558.37561 538.70862
465.05625 485.49259 507.59602 532.71309 558.23263 577.74077 574.65316 599.62187 588.31491 605.74748 585.19431 522.96854 503.39783 518.53579 506.70509
455.67205 474.96100 496.79484 519.55215 546.64533 567.43405 563.74148 588.36641 578.48161 588.11076 482.59996 354.33132 313.41125 414.55296 425.01040
625.24244 626.12024 634.77722 674.47141 731.85704 755.17345 778.13614 796.19513 799.36734 785.19301 758.36307 727.01215 697.55974 667.62964 640.59703
630.10661 637.14207 654.50953 698.80569 736.12918 757.81467 789.52115 809.83143 813.26264 800.52641 773.15223 733.27953 697.58806 664.90479 636.69160
629.36958 638.98843 661.56047 704.04703 732.86535 758.59921 792.24437 811.23926 814.82813 803.94189 781.25088 740.31692 699.81635 663.85919 633.04511
626.13435 640.55702 666.09504 703.48593 729.35632 759.30008 790.87665 809.71951 809.86867 804.70398 785.90381 746.63463 703.81429 664.44364 631.06365
622.03081 639.83023 666.46454 701.74344 725.94010 757.93806 784.99503 805.82219 803.17678 800.40541 786.82965 750.30472 708.78570 666.23988 630.08136
616.64472 637.24815 665.08640 698.62983 722.56609 754.82668 778.26161 800.42020 795.11480 794.77221 784.58846 751.63504 712.49666 669.12926 630.37269
611.17129 633.59914 663.91988 694.47275 719.37644 751.34347 774.49919 792.93626 790.14384 789.03253 780.35279 750.98685 715.72134 671.26484 632.48338
605.23047 629.86500 661.59475 688.66213 714.68829 747.77470 773.84079 784.97489 787.93870 782.65540 774.49014 747.93696 716.47159 674.52221 634.26808
600.84053 627.12845 658.11974 683.01870 709.02285 742.10734 765.60913 777.06793 779.28878 776.21978 767.08750 744.49289 713.77223 677.15292 636.60975
596.52611 623.21161 653.18103 676.42155 702.53905 734.19052 755.70061 767.08402 768.48561 766.68472 757.15169 739.14434 709.65325 677.89571 637.77937
591.45633 618.74502 647.38142 669.48265 694.94316 725.51293 745.21393 755.58807 757.65672 756.30364 746.59784 732.72397 703.72542 676.60859 638.43141
587.20808 613.92980 640.81967 662.16828 687.35451 714.84748 733.89176 743.34903 747.20427 744.84741 736.81211 724.91468 697.45362 670.76888 638.91888
582.03630 607.51165 633.12675 653.75286 678.16427 704.32793 719.71505 730.20193 733.62187 732.14582 725.94630 715.44623 689.34882 664.74007 637.31023
575.28622 600.83070 625.14363 645.08824 668.26544 692.07072 707.09946 714.91287 718.93756 718.55607 713.59927 705.63271 680.95961 656.81354 632.38097
568.57316 593.56614 616.67697 636.53425 659.37182 679.24214 691.74924 698.91780 703.52821 705.75048 700.19848 694.11847 672.99387 649.40534 625.63737
561.16167 585.50002 608.03558 626.90805 646.88954 666.65310 677.84928 684.61713 690.16760 691.35850 688.00999 681.78497 665.00001 640.94972 618.43102
553.11806 577.09063 598.55961 617.49865 635.72757 654.25571 664.32766 672.88419 677.22600 678.34580 673.31648 667.36068 654.16214 631.70383 610.98830
544.94077 568.26793 589.37152 607.59401 624.51866 641.32368 653.54102 660.62504 665.81138 665.66605 661.40848 653.75628 643.47081 622.25686 603.15441
536.23519 559.34198 580.20283 596.39457 613.37417 629.51762 639.33704 644.03622 650.14047 655.12601 649.17824 641.70503 631.75121 612.26716 593.53981
527.26578 549.95971 569.94761 586.08375 601.87055 617.01063 624.35094 630.01534 634.55041 640.61448 638.87029 629.62795 619.25399 602.36891 584.64842
518.20983 540.93108 560.46257 575.40036 590.66687 603.06117 611.50508 620.70602 622.38981 625.48652 627.36605 619.91815 608.18104 592.18913 575.71251
508.74039 530.28372 549.32497 564.36351 578.92387 590.01928 594.19970 609.50108 606.22277 613.47017 613.51018 610.82477 598.41450 582.13408 566.66211
499.72439 520.81221 539.65636 553.16472 565.90177 576.81006 575.35652 595.49185 587.25066 602.84751 602.03399 599.43572 589.87146 572.68001 557.21685
489.96815 510.31841 528.93093 541.08914 553.93117 564.17007 563.06329 582.66769 575.84360 593.31182 594.33325 588.53552 581.24921 564.19662 547.86575
633.36829 622.59878 619.94831 641.09407 715.14070 782.52819 800.81587 809.96980 809.97555 799.13243 781.84993 758.30273 725.20356 695.96136 677.76302
639.49660 632.00008 634.19505 662.55786 739.13332 782.37130 796.64694 809.72033 811.60055 800.11157 780.04297 759.00576 736.92741 707.44057 681.27207
640.97190 635.41503 640.69075 674.74576 747.54203 778.21422 795.79048 811.19839 814.06702 802.33706 782.19201 756.18991 736.05944 709.78216 680.36649
639.22660 639.56311 645.06651 684.01612 751.12279 774.33775 794.50310 811.64429 812.27427 804.54730 784.60157 755.57485 734.02595 710.25923 678.87607
637.40456 642.13925 652.31137 692.53712 750.43857 770.58298 790.79690 810.00190 808.50821 802.99491 786.63994 755.38640 732.07545 709.08928 677.39058
636.59707 641.66006 656.01927 699.80330 747.15100 766.32334 786.61970 806.81527 803.19775 799.61023 785.61394 755.14222 730.03367 709.08379 676.77380
637.88325 641.22520 658.29650 704.33939 742.10976 762.48390 783.70708 801.39838 799.40110 795.34175 782.87852 754.13882 728.47577 706.69660 676.73891
636.44429 643.21710 663.49671 705.40783 736.69899 759.00069 782.84588 795.25392 797.28004 790.15468 778.01961 751.88182 725.51725 704.27715 676.85907
635.31933 645.84010 666.99946 703.50268 731.28614 754.45929 776.71869 788.35770 789.76398 784.70483 771.97078 748.81045 722.05657 700.99827 676.41430
632.49780 645.43541 666.79836 699.59678 724.94630 748.05344 768.72820 779.63560 780.75940 776.42172 763.64040 744.58990 717.39657 697.07786 674.20855
628.05267 643.64507 663.56257 694.17739 718.67571 741.37239 759.72311 769.44835 771.10886 767.51890 754.60898 738.47607 711.94798 692.66286 670.88211
623.14345 638.73261 659.23199 689.49213 712.17326 733.25078 750.32476 758.57724 761.35064 757.45666 745.82946 731.10191 705.76937 685.77733 667.33009
617.49342 633.00459 654.16275 683.82845 705.09732 725.06216 738.68127 747.66445 749.42373 746.00091 736.01045 722.20963 698.32556 679.11864 662.27777
611.31018 627.81046 649.68023 677.38182 697.21176 715.46574 728.68340 735.47247 736.55727 733.90363 724.99849 713.06160 690.29765 671.11627 655.87584
605.99829 622.92245 645.81958 670.79882 689.89250 705.54710 716.81496 722.79381 723.98942 721.81078 713.13640 702.34516 682.13480 663.16113 648.62922
600.67730 618.35901 640.38159 663.06899 680.46265 695.95240 705.74094 711.25328 712.81403 708.69962 701.52677 691.11793 673.58246 654.50920 640.50077
595.66125 612.76575 633.87211 655.30631 671.56912 685.95006 695.64756 700.83681 701.44745 697.08738 687.97886 677.84136 663.52477 644.63285 632.09787
589.57720 607.45236 626.72393 646.12351 662.04019 675.66158 685.37058 689.75432 690.53063 685.72538 676.45629 664.90623 652.81372 635.14513 623.26105
582.70588 600.87387 619.00713 636.25998 652.39125 665.84151 673.98893 676.15488 677.06365 675.34409 664.79102 653.14337 641.43529 624.70268 613.45254
575.17418 593.11580 610.07411 626.79635 642.58744 655.71700 661.70902 663.97505 663.97128 662.56103 654.15007 640.92952 628.86648 614.15457 603.90122
567.28109 585.33846 600.40097 616.62660 632.26709 644.92366 650.46219 654.53138 652.48035 649.10934 642.73989 630.23979 617.04596 603.32031 593.81993
558.12868 574.42733 589.71201 606.32535 621.84769 633.73710 636.92349 643.59592 638.53634 637.34529 629.66150 619.96166 606.04898 591.92692 583.57461
549.01863 564.76744 580.03099 595.20795 610.67810 622.07402 622.26018 630.74481 622.89270 626.10734 617.75206 607.31330 595.34771 580.62154 573.00239
538.77638 554.66268 568.98350 583.51633 599.45314 611.05099 610.76770 618.40602 610.99281 614.71124 607.81989 594.96227 584.26860 569.30581 562.10146
641.51893 630.16004 625.97956 635.18775 685.52255 771.55457 839.02999 863.54874 863.74123 851.81015 819.51737 759.65804 711.91818 692.65103 696.18644
644.31182 633.67320 630.52740 644.05634 703.45547 793.61111 847.73388 860.05360 859.48872 851.11367 834.36855 786.29607 733.79668 705.42761 700.96998
646.05210 635.38904 634.24184 650.52450 718.42298 806.60462 849.06328 857.66151 856.51547 848.47320 836.39983 803.22516 749.41318 713.59592 706.88285
646.19379 639.08565 635.78517 656.32266 730.55882 815.04517 846.61512 854.84668 852.93175 845.76192 834.07960 810.79695 766.89505 725.43236 716.02499
647.28734 641.38502 639.05584 664.40275 742.99482 819.36558 841.98946 850.81176 848.31640 841.93841 830.64447 810.93685 778.01181 738.90563 723.25040
649.68073 641.36802 644.61651 673.12645 752.94538 819.48699 836.67757 847.02971 842.98517 837.38995 826.43275 808.12155 781.31481 745.66556 727.42384
654.66378 642.04375 646.83268 678.74938 760.14424 816.86610 832.22416 841.83029 839.19405 832.59399 821.71061 804.23953 781.22064 748.42561 729.87252
653.77017 644.64110 647.39033 686.67950 765.22659 812.40438 829.19626 836.11926 835.56557 827.09152 815.93025 799.05879 778.53883 749.07401 729.86475
652.12929 648.04048 653.15034 691.98115 766.02194 807.26017 823.03203 830.54720 829.34046 821.83550 809.75759 793.81990 774.45180 747.75281 728.48337
650.50641 649.96548 656.82751 694.68155 765.02451 800.68716 816.13755 823.04944 821.64670 814.55022 801.98029 787.73884 768.47230 744.92599 726.32093
649.22109 648.50467 658.04956 694.95388 760.99805 794.60354 809.11989 814.90071 813.97748 806.71590 793.67395 780.48303 761.98899 740.82686 721.94131
649.09026 644.60132 655.80003 696.37067 755.53259 787.16103 801.43493 806.20945 805.43762 798.20634 785.85226 773.02551 754.98608 735.00948 717.10714
649.21452 642.02016 652.80332 696.24448 748.97261 779.58348 792.16569 798.64667 796.41371 788.55482 776.97374 764.05341 747.30432 728.41071 711.48606
647.90882 643.58153 651.78434 695.56759 741.41646 771.01484 784.67882 789.74556 786.53078 778.89995 767.43065 754.93537 738.67338 720.53883 704.33944
643.67480 642.35492 654.37410 691.44655 734.70525 761.37296 775.50988 780.47707 776.90973 768.94186 757.07777 745.06170 730.31783 712.99556 696.70922
639.38928 640.92085 652.69828 684.06110 724.67666 752.22346 765.95215 770.99396 768.49912 758.64626 747.26195 734.60091 721.14425 704.22308 688.51864
633.07686 636.33212 649.46282 678.79112 714.92687 742.69314 757.28711 762.96028 759.51532 749.06975 735.75118 722.85256 710.80631 694.55314 679.50998
626.56592 631.34791 644.79980 669.69312 704.80925 732.25895 748.07789 753.78566 750.61146 739.48668 725.63764 711.41127 700.69003 685.11905 670.54624
619.13971 624.90718 637.03712 660.44609 694.23918 721.93286 738.06409 742.52524 739.62361 730.43356 715.21490 700.40259 689.30235 674.71690 660.72012
611.64162 618.56011 629.91776 651.46684 683.15334 711.01777 726.28617 731.41294 728.44612 719.84601 705.31419 689.39504 677.55367 664.61123 650.97556
604.77897 612.21588 622.05559 641.77393 671.61858 697.96858 715.05787 722.03401 718.80329 709.08089 695.23615 678.95856 665.81101 653.76202 640.67893
596.24646 601.22916 611.24604 632.72055 660.28939 684.99315 699.49218 709.92788 706.05177 699.49908 683.75704 668.73819 654.74818 642.24807 630.52833
588.34426 594.39699 603.21308 621.45281 646.56985 672.48378 683.03100 696.16259 691.26156 690.17184 672.76150 656.70753 643.39827 631.04153 619.32396
579.57617 585.44642 593.87231 611.28515 633.67287 659.07824 671.05763 682.80755 678.45043 680.05649 662.62011 644.38013 631.78866 619.06592 608.03272
855.35628 858.85740 867.63587 880.50951 902.39771 924.02376 936.73057 966.47273 972.87765 989.54930 988.94725 972.36350 950.09121 926.39440 912.55401
682.06110 672.12568 669.57026 679.79163 718.15948 787.76939 865.06258 908.72188 915.76352 899.64058 858.14459 791.92260 747.66029 728.90764 731.34908
655.29074 675.95940 715.92293 671.76632 671.05540 684.60031 705.62652 731.18408 771.48728 817.23507 837.81760 816.27418 773.35300 715.63650 662.65593
656.55484 668.80282 686.98755 664.61404 689.03491 742.43615 788.88510 817.45997 842.08764 864.80909 863.43180 827.92643 774.35599 726.76613 698.59095
668.29260 671.76017 690.76628 664.37702 691.85022 741.01484 775.23024 806.51689 841.24921 870.89003 870.98603 841.09870 795.56607 753.18989 717.83125
685.89956 692.16818 725.82686 672.72302 680.45782 702.13048 719.71127 758.26921 813.80254 859.73478 869.90874 852.01685 818.10565 777.20488 726.55832
669.56827 657.74617 666.19842 666.87412 722.48350 801.30793 847.66679 872.27344 884.24426 886.20257 876.87804 847.80963 804.50275 762.85935 746.83209
741.01833 740.80157 774.35557 676.46085 661.56197 655.22607 663.43313 713.34140 797.55509 849.97729 863.24943 850.17800 831.27321 802.65754 754.53969
655.19403 648.02552 646.27188 674.95266 746.36659 835.13883 879.48227 893.99002 892.32897 883.21948 868.55158 846.01215 809.17324 769.59521 756.62569
753.98590 748.79754 775.68150 679.11575 665.38807 664.85204 681.79992 740.24427 814.75186 850.51403 853.74747 841.52361 821.95317 798.08537 763.68083
681.64896 675.43087 684.82425 677.68323 727.65824 782.84842 816.52481 841.01155 859.74930 861.92308 851.42348 835.46336 808.79073 779.57783 758.87283
728.46235 724.56689 740.26626 676.38135 692.79888 713.23370 738.07386 780.83050 827.19982 843.85824 841.40306 828.14913 806.73206 781.56583 758.01092
715.85849 710.15192 719.32888 675.86246 700.35151 728.60609 753.93313 791.57563 826.96934 837.81540 833.39418 819.76442 799.46356 774.39432 754.33691
690.99959 684.47954 692.41249 675.32396 707.02795 744.91988 771.97123 801.96620 825.70668 831.67235 824.73358 811.81010 790.57799 765.74017 747.68279
736.55696 741.57424 758.88178 674.85329 668.50175 677.67265 699.31497 749.28524 792.02574 811.98275 811.83767 802.18142 785.49436 762.95850 741.77261
656.06741 650.86778 655.10072 671.22514 715.97290 761.85556 787.50118 805.87151 816.11107 815.50537 805.50386 791.33932 773.07098 749.01181 734.34524
742.95848 752.23760 773.31794 667.95109 650.54561 640.69249 664.22197 711.87934 756.74924 779.23024 784.34476 779.50662 766.91850 746.26335 724.45699
644.46299 642.20761 648.68606 659.84360 695.71954 732.77129 760.54174 782.19475 794.10600 794.11306 784.23318 768.23194 752.97193 731.57268 720.00538
706.29211 714.33353 732.70087 656.82649 654.33091 658.90462 675.43202 706.59049 738.66754 753.75059 759.35901 755.44270 744.61437 724.46809 704.35922
656.40195 658.26495 668.00259 645.68921 662.74903 683.05456 701.73798 725.05583 745.16554 756.32878 756.93934 745.42630 731.50362 712.92010 699.42376
664.81686 670.09700 683.06592 640.65784 648.50648 660.08880 675.07154 698.75047 719.65094 731.88526 735.83020 730.71607 721.21488 703.31829 686.19894
661.57575 668.36032 682.63424 632.92873 635.72510 643.04957 653.43148 680.12193 698.50773 712.62448 718.83668 716.64897 708.58425 693.23867 677.01101
625.01946 627.80901 634.74502 621.17309 633.54670 646.96590 657.40994 684.60315 693.78256 710.98800 715.85253 708.63093 696.47223 681.43870 670.52112
663.58110 674.46671 693.18370 620.69327 612.61504 611.69100 618.87115 636.39639 651.57973 663.31382 679.10663 680.49216 680.42852 671.47163 653.25876
673.19898 675.47413 676.03545 683.34981 701.28618 735.73158 779.65262 811.90547 820.41929 802.23257 769.12701 727.12209 706.55572 704.72372 715.11497
671.88193 672.64861 676.18694 680.49206 702.57529 737.43448 785.33423 819.44117 833.56398 818.32559 782.78601 742.31563 714.97071 706.81394 717.14249
671.50219 669.86515 675.77088 682.40959 703.87858 742.24563 791.42615 832.69866 849.47384 837.53361 803.53515 755.58881 723.23803 709.26024 720.69548
674.43561 667.80135 673.84459 680.83994 702.45551 747.34196 800.22879 846.14337 860.15059 851.92471 821.99482 773.65775 730.97080 712.41414 728.99845
675.75937 667.39732 668.88453 678.11621 703.19661 752.64482 807.84654 854.26368 869.39984 862.72977 836.39866 791.73566 745.66983 723.17332 735.51221
676.18412 670.15140 666.12607 675.00891 705.45886 757.11060 815.41430 860.54853 876.46316 870.77749 847.02522 805.10180 763.50371 736.45220 743.14430
676.31661 671.23556 668.48318 674.94750 709.01668 760.35691 819.90045 864.08807 879.77704 875.94570 854.47108 816.05272 773.39696 742.89204 751.88337
675.56528 670.75069 669.59463 678.16118 710.57568 763.84837 822.48275 862.90375 881.81813 878.78960 859.22296 825.13371 783.89219 750.18742 759.35679
676.87519 670.22708 671.36018 680.59661 709.47269 765.21805 820.18165 860.71354 878.83335 877.69819 860.74504 831.04281 791.74978 759.98364 766.88214
679.40588 668.58212 669.84629 679.45907 707.52339 763.27408 815.33222 854.92192 873.14526 873.72638 858.66303 833.20424 797.84364 768.56286 770.87643
680.92504 667.08463 666.43758 676.29841 705.56653 759.58608 808.35968 845.38690 865.46816 867.12998 855.26838 833.71794 800.56898 774.86783 774.09838
681.50119 667.49696 663.14354 673.42605 704.21652 753.55966 798.78994 836.00831 856.01750 859.04714 848.49845 831.81114 801.31234 775.46926 777.03900
679.30602 669.01900 661.28001 669.73935 702.98201 747.64347 787.97570 822.38684 842.66353 849.01960 841.03520 826.79108 800.07761 775.12367 779.58625
675.79357 668.50426 662.59565 669.71974 698.62142 737.60151 774.50617 807.29369 828.45822 836.56787 832.63942 821.78259 797.23390 773.18386 780.94247
674.20605 665.67181 664.62002 670.43595 695.46251 727.56130 760.94550 789.90781 811.78899 822.39368 820.79248 812.26743 793.07816 770.62453 779.75673
669.78354 662.91103 662.47705 668.59125 689.61895 716.55133 747.56576 774.81369 795.40124 807.54109 807.70192 803.17862 787.28620 766.79668 778.00470
664.90587 657.28002 659.18114 664.28332 681.49283 706.04270 733.13442 759.39716 779.09703 791.87521 793.51384 789.50671 781.65541 762.59754 776.50929
660.74830 653.74012 652.95888 658.21433 673.12118 694.03125 719.54112 745.52000 764.47745 775.84474 780.00924 777.14893 772.71998 757.82383 775.47546
654.86427 648.60526 647.48981 651.45980 664.73678 683.91434 704.77892 727.80052 746.36284 761.77093 764.71978 764.26948 761.56062 754.19133 774.49498
649.50933 643.02406 640.51720 644.78423 655.80415 672.25178 690.58730 711.93231 730.36457 744.20797 751.46564 750.64173 750.86330 748.72227 771.71265
643.51945 639.56690 635.72800 637.70402 647.57147 660.09350 677.71978 699.50383 713.70894 726.41933 736.92555 737.37504 739.74494 741.65381 769.21691
635.60754 627.50675 625.96903 629.81586 637.31404 649.38202 661.25073 684.41731 695.66749 709.17496 720.48488 725.12681 728.23794 736.84617 766.62868
628.25836 622.80875 620.50941 621.98691 627.47726 639.11540 644.93488 668.33760 675.14006 694.94289 706.06053 711.30578 716.77047 729.51658 760.33266
620.47526 614.59793 613.60616 611.37660 617.07236 628.41569 632.96577 653.28113 661.39151 681.51763 692.19997 697.97258 705.50780 719.68795 754.39595
709.93323 707.31388 714.93842 725.58103 735.57350 745.35625 764.66158 784.40439 788.07899 774.87364 756.45662 738.21000 732.81642 729.89774 740.82603
708.51854 705.80430 709.79334 718.98304 728.19758 740.86339 767.86878 790.13260 793.16630 780.29092 761.79329 741.86427 730.63481 725.62657 743.67806
706.18059 706.74500 709.12019 713.11343 722.62365 740.64030 772.57505 793.98894 799.88014 787.02572 766.63721 745.24367 730.68717 727.83809 745.20652
703.55032 705.66263 708.11963 711.75316 721.33769 743.25975 774.74881 800.46901 813.83508 801.34798 773.63278 747.59393 731.27283 732.08980 747.86526
701.79800 704.39091 705.94932 711.14872 719.85510 745.79785 775.09763 812.58018 824.34961 814.73861 787.03842 754.74149 737.18759 736.72869 749.99391
702.61659 702.53377 705.96256 709.86243 722.01182 746.61477 779.73125 818.30042 829.82612 821.08177 796.71784 767.42037 746.03869 742.31185 754.86969
705.85707 699.48959 705.17948 708.98984 721.11142 744.26068 783.82671 821.39284 833.90751 826.41190 801.84299 773.63877 752.56418 743.28777 762.81076
707.57556 697.74538 700.33829 706.20076 717.96554 743.58599 786.51228 818.42226 836.15573 831.01327 806.89330 778.25970 755.82742 744.50628 768.37825
711.41866 698.78563 696.80724 702.44334 714.64778 743.62246 785.90636 815.99502 833.13295 832.17515 810.91143 782.00493 757.14174 748.86317 772.41184
709.71488 702.99668 695.48208 697.32709 710.53647 744.08384 780.23350 811.63005 829.07787 830.63594 812.55111 785.68415 760.55993 753.25147 775.57046
708.29049 703.13306 696.18318 694.95358 708.82043 742.16196 773.33649 803.34625 823.67557 825.69596 811.34278 787.41329 764.16259 755.46022 777.33174
705.52805 701.67364 697.45819 696.20291 712.15280 738.64808 766.53767 794.47124 814.73715 819.80628 807.90282 787.97120 763.29221 755.11081 781.72186
703.85549 698.21764 695.70794 697.46338 711.44571 734.39448 757.96043 784.51320 804.27902 810.27614 802.77002 785.28220 762.95425 752.54984 784.04239
701.94010 695.39674 693.90170 695.69466 707.98398 726.92523 748.27351 772.17944 790.97370 799.65586 795.46486 781.82042 761.11662 750.21964 785.48648
700.38710 690.80531 690.08563 693.31220 703.48943 720.08212 739.32705 759.91460 777.94258 787.96556 787.47588 775.24184 758.65831 747.57569 785.10540
694.59622 687.49504 685.69143 688.93812 698.75288 713.98541 730.98465 749.30137 765.42560 775.66130 776.88726 768.06439 751.50640 743.01096 783.65906
690.48414 683.06589 681.30626 683.08115 692.70367 705.36466 720.78539 736.39018 751.82757 762.94304 765.53739 757.78480 747.15784 737.57739 781.28884
684.80751 677.96503 676.12110 677.61420 684.96052 696.22516 709.48196 726.27818 740.21554 749.40485 753.29089 748.10792 740.20745 731.76066 779.48069
679.50932 673.32200 671.28122 671.34158 680.88004 689.16840 700.08536 713.57832 726.32084 738.03738 741.54660 738.94710 731.21939 726.65836 778.24755
673.53907 667.53203 665.30598 665.49549 672.68827 683.05365 689.88215 701.55481 713.40162 723.39696 731.14210 726.53071 721.52067 717.47597 774.99992
667.54776 663.29496 661.04894 661.10395 667.15878 674.85385 681.31282 692.53755 700.93922 709.09886 717.24292 716.44719 712.80566 711.61741 771.02778
659.22655 652.04914 650.33121 653.17351 659.09440 665.32467 669.70966 682.49738 687.59396 696.11945 704.68843 705.77339 704.76366 702.74637 770.19967
651.75374 646.46184 643.73629 645.44470 650.42096 655.76198 656.86042 670.65058 672.16897 685.19983 692.80736 695.92903 693.47738 695.05118 762.69066
642.84274 638.79361 636.37596 636.75239 639.88884 647.26058 646.37685 659.94021 662.04073 675.06168 680.45401 683.33594 683.64890 685.02148 759.05519
745.54931 753.06569 765.53757 778.84778 786.33557 790.21019 797.46490 801.71400 799.93870 790.59450 781.22466 770.61237 762.57922 769.37005 776.41292
742.78700 747.88678 759.12469 770.85276 778.32936 782.99010 790.36908 797.89360 796.42177 788.18138 777.27330 766.08202 760.69398 766.46323 774.98488
743.09339 744.19730 753.09507 764.81495 770.92228 777.43494 786.53468 794.79586 795.23126 786.82430 775.55825 766.06137 762.54555 765.97062 774.85721
744.92440 741.10171 748.12815 758.07956 766.37715 772.78303 781.63537 792.63936 797.53218 792.09662 777.92529 768.90713 764.13822 764.77518 773.76881
744.30518 740.17667 743.09779 752.03013 759.67310 768.29035 779.72983 794.72452 803.05655 800.37953 786.97719 774.05960 765.86361 763.31679 774.04532
745.85208 743.57754 741.51687 747.41948 755.14566 763.21769 778.67659 800.49148 807.75608 803.06649 790.28978 777.02198 764.56796 762.87914 777.02183
745.77016 743.51902 743.50186 743.20568 749.05343 759.64554 781.14018 800.57829 808.37741 803.95519 791.42308 776.78021 763.97061 760.57795 784.27325
743.64536 744.22295 742.78277 743.84980 749.25270 764.40392 782.15749 797.75760 804.99880 802.81730 790.37641 776.36402 764.96153 759.68837 784.66673
744.41072 742.63270 742.64159 744.77438 751.66889 764.84305 780.43860 792.93165 800.85167 801.19480 790.65168 776.87868 764.17250 759.21658 786.09759
742.14653 738.28014 741.86226 742.88580 749.67579 762.96038 774.95039 787.33292 795.84481 799.91413 791.28998 777.95001 765.15018 761.22070 786.38018
741.92829 737.14653 737.40071 741.29235 748.35827 759.07175 768.61696 780.21449 791.10056 795.57533 789.49690 778.22326 764.95951 758.88223 785.61748
737.83287 733.78070 732.78508 736.66289 744.34650 753.76379 762.81623 775.29787 786.91820 790.74391 785.26976 776.71584 762.04596 757.22016 787.79328
735.41393 730.50215 729.48126 732.44892 739.89702 748.99928 757.70460 768.02435 778.99681 784.81561 781.36375 773.18631 760.37512 754.08167 787.95150
733.50331 728.27877 727.97491 729.30530 736.71887 745.00141 751.44452 760.81693 770.17056 776.55656 774.75345 770.14073 759.02789 750.83775 789.32550
728.93413 723.17688 722.89817 724.92161 733.10107 739.05425 746.06698 755.76936 761.93739 768.29478 771.26347 765.33331 756.74230 747.23897 787.37813
723.68406 718.25376 720.98431 721.37886 728.02546 736.30035 742.12365 747.87563 753.77675 758.59351 762.26171 758.41805 750.58130 741.85496 784.90808
719.60655 714.26320 714.59033 715.76186 723.86305 728.90526 734.56466 739.15637 745.32245 750.70969 754.51451 751.07130 746.64901 737.64797 781.26821
713.67206 708.96263 709.05271 710.47651 717.37797 722.55421 725.33476 732.40519 737.73673 740.26009 745.49174 743.83748 740.02184 732.98591 778.15084
707.11869 702.17188 703.20948 704.73605 711.38574 715.63669 719.95918 723.34446 728.88525 733.67532 736.20706 735.21697 731.52587 727.68893 773.92088
701.53112 697.47324 695.87563 698.74272 704.16846 708.63989 712.01294 715.55687 719.63444 723.40696 727.07867 725.69903 724.32351 720.91028 774.57041
693.88833 690.85453 691.66203 691.70575 697.15593 703.56648 705.01369 710.07557 711.59207 714.31567 717.14248 718.03344 716.76800 716.70902 771.84554
685.74116 679.30919 681.29683 684.22736 690.29500 694.88078 695.70896 700.84553 701.90403 705.31965 707.82619 710.18689 710.26950 708.30707 775.77706
678.79468 673.50023 673.93519 678.24867 681.45793 686.56561 684.03568 692.27008 690.27193 697.15414 699.40964 701.42762 701.03015 702.53243 774.44287
671.97527 666.32044 665.13033 669.44641 672.81475 678.84495 675.22538 683.20563 680.64807 689.61263 689.95318 692.09814 692.61367 698.06483 778.46325
