2.03850 2.04842 1.80033 1.32764 0.59864 0.36427 0.49643 0.43743 0.39332 1.07073 1.91888 2.65431 2.82057 2.67658 2.44549
1.81625 1.75604 1.42091 0.72867 0.23487 0.88024 1.44373 1.26368 0.49971 0.46906 1.45427 2.24576 2.52653 2.48148 2.27435
1.71976 1.58632 1.17197 0.38128 0.48731 1.29728 1.74599 1.67963 0.93353 0.29364 1.18151 2.03018 2.41069 2.39500 2.19918
1.62036 1.42289 0.91342 0.23118 0.82098 1.53473 1.79601 1.81099 1.12282 0.27476 0.93107 1.83524 2.31425 2.33700 2.12090
1.50097 1.25076 0.65467 0.22308 1.13823 1.60328 1.79239 1.85575 1.15969 0.32769 0.70796 1.67586 2.18861 2.26390 2.07837
1.36878 1.07992 0.41517 0.31591 1.34598 1.65036 1.77716 1.84220 1.14033 0.41253 0.53582 1.53896 2.04504 2.20334 1.99653
1.23854 0.90856 0.25938 0.46874 1.45652 1.72804 1.79265 1.80541 1.20696 0.46686 0.40425 1.39623 1.91880 2.10962 1.94069
1.11780 0.70971 0.17197 0.62812 1.46609 1.79336 1.85399 1.77787 1.45719 0.58973 0.31310 1.26635 1.81569 2.01206 1.89405
0.98920 0.52680 0.15644 0.72616 1.46554 1.78679 1.81071 1.70294 1.39100 0.62244 0.26014 1.14974 1.74040 1.92359 1.85804
0.85340 0.37733 0.16192 0.80966 1.41677 1.72677 1.71593 1.55799 1.23765 0.56543 0.22461 1.04767 1.66502 1.86768 1.82918
0.71014 0.27690 0.19086 0.84732 1.36348 1.63617 1.54200 1.33261 1.01801 0.49818 0.20896 0.95950 1.59298 1.82336 1.79810
0.57763 0.20437 0.20711 0.90680 1.31805 1.50140 1.34778 1.10443 0.81932 0.43126 0.19090 0.88828 1.52957 1.77784 1.76206
0.47824 0.17094 0.23682 0.93766 1.25103 1.27758 1.02827 0.74868 0.59001 0.31062 0.19112 0.82917 1.46748 1.73086 1.72862
0.38400 0.14009 0.29382 0.97191 1.17237 0.99495 0.73191 0.49022 0.36676 0.20630 0.17536 0.78550 1.41372 1.69124 1.69924
0.32561 0.12127 0.30767 0.93395 0.98274 0.77767 0.47515 0.28979 0.23631 0.12691 0.18411 0.77427 1.36664 1.64716 1.67138
0.27032 0.10952 0.38087 0.83202 0.85682 0.60631 0.36239 0.19610 0.15186 0.10273 0.22175 0.76623 1.32508 1.61238 1.64779
0.22125 0.11314 0.42484 0.72101 0.65210 0.46658 0.24317 0.16402 0.13832 0.11592 0.25797 0.77489 1.29450 1.57646 1.61014
0.17503 0.12083 0.46636 0.65414 0.62175 0.40456 0.25465 0.14533 0.14306 0.15151 0.31422 0.78516 1.27173 1.54548 1.58249
0.14647 0.13511 0.46240 0.64964 0.61371 0.40638 0.18126 0.14857 0.17600 0.18558 0.34842 0.80800 1.25472 1.51344 1.56409
0.12584 0.16627 0.50042 0.66988 0.67662 0.37845 0.13546 0.16034 0.22952 0.24734 0.37485 0.81634 1.23853 1.48700 1.53627
0.14401 0.22315 0.54161 0.78586 0.78473 0.30751 0.11075 0.12214 0.23595 0.32098 0.40998 0.83005 1.22815 1.46626 1.51894
0.13311 0.33097 0.75157 1.09588 0.88161 0.34254 0.14385 0.13725 0.29712 0.34817 0.46235 0.84089 1.21812 1.44428 1.49452
0.16570 0.42975 0.99449 1.43260 1.12023 0.47555 0.19701 0.17730 0.38395 0.34932 0.47925 0.84936 1.20843 1.42317 1.46882
0.26755 0.68785 1.49337 1.73393 1.51837 0.77288 0.26350 0.22679 0.34723 0.29299 0.44497 0.84369 1.19790 1.40379 1.45244
2.55058 2.64177 2.53629 2.22101 1.72496 1.40971 1.25189 1.30311 1.56907 2.12405 2.89466 3.69587 3.73030 3.36777 2.94081
2.38335 2.39995 2.22399 1.78397 1.35094 1.04012 0.85677 0.92347 1.20207 1.69414 2.41184 3.10763 3.27965 3.07438 2.75984
2.30418 2.27595 2.01554 1.57832 1.17027 0.88058 0.68946 0.74851 1.04632 1.51694 2.18928 2.86672 3.10614 2.96222 2.69701
2.22715 2.13998 1.83253 1.42453 1.03877 0.77181 0.62380 0.64636 0.95092 1.38100 2.00442 2.68704 2.98100 2.88452 2.63861
2.11942 1.96370 1.68505 1.29948 0.92223 0.70824 0.59996 0.58428 0.89710 1.27814 1.85059 2.54052 2.85217 2.80429 2.60522
1.95603 1.82435 1.55894 1.19536 0.83177 0.66090 0.58469 0.57563 0.86848 1.20224 1.72547 2.41839 2.73655 2.73272 2.54088
1.83680 1.73569 1.45142 1.10454 0.77720 0.61749 0.56769 0.58794 0.84016 1.14896 1.62576 2.29564 2.63861 2.66612 2.49585
1.75558 1.63851 1.36064 1.03184 0.75139 0.57951 0.53175 0.59704 0.77865 1.09689 1.54848 2.18967 2.54536 2.60761 2.45136
1.68369 1.54802 1.28697 0.97742 0.73422 0.58005 0.55986 0.63434 0.78819 1.07145 1.49404 2.09239 2.47544 2.54235 2.41428
1.61568 1.46994 1.22914 0.94009 0.74069 0.60715 0.61308 0.69450 0.83077 1.06841 1.45668 2.01772 2.41721 2.48899 2.38914
1.54727 1.40525 1.17737 0.92179 0.74777 0.64970 0.68498 0.76510 0.88177 1.08010 1.42672 1.94581 2.35616 2.44160 2.36064
1.48840 1.34946 1.14952 0.89776 0.76364 0.70323 0.75952 0.83278 0.93355 1.09472 1.40790 1.88978 2.30567 2.40597 2.32735
1.43417 1.31379 1.11979 0.88606 0.78912 0.77717 0.84789 0.92814 0.99203 1.13234 1.40472 1.83570 2.25955 2.36854 2.29797
1.38563 1.27246 1.09120 0.87702 0.81273 0.85731 0.93382 1.01430 1.06922 1.17667 1.40511 1.79752 2.21361 2.33562 2.27262
1.34421 1.23905 1.08076 0.88977 0.86726 0.92152 1.01912 1.09922 1.14047 1.22773 1.41614 1.78038 2.17537 2.30002 2.24985
1.31420 1.22217 1.05615 0.91412 0.90323 0.97837 1.07368 1.16576 1.21786 1.27205 1.44486 1.76852 2.13641 2.27285 2.23028
1.28230 1.19503 1.04227 0.94584 0.96285 1.03560 1.14097 1.20710 1.27154 1.32237 1.47009 1.76607 2.10894 2.24337 2.19981
1.25182 1.18109 1.03099 0.97045 0.98562 1.07404 1.15930 1.25343 1.30807 1.37292 1.50221 1.76252 2.09019 2.21599 2.17545
1.22778 1.16610 1.03285 0.97980 1.00590 1.09729 1.22509 1.33095 1.37400 1.40913 1.52813 1.76831 2.06959 2.18871 2.16020
1.20497 1.14814 1.03102 0.99103 1.01425 1.13798 1.28521 1.37751 1.43718 1.46565 1.54941 1.77308 2.05035 2.16728 2.13767
1.16095 1.12518 1.03045 0.98466 1.01964 1.18383 1.31179 1.38116 1.46743 1.52407 1.57656 1.77455 2.04327 2.14482 2.11914
1.13881 1.09484 1.00264 0.95609 1.03248 1.20151 1.35770 1.39266 1.52054 1.55999 1.61060 1.78340 2.02919 2.12847 2.10195
1.10995 1.07175 0.97866 0.92500 1.02631 1.19546 1.40694 1.41537 1.58051 1.58467 1.63502 1.78802 2.02374 2.11042 2.07520
1.06230 1.02559 0.91195 0.88712 0.98326 1.16840 1.38956 1.42872 1.58790 1.58709 1.64165 1.79003 2.01698 2.09848 2.06373
3.00489 3.26468 3.35691 3.12378 2.63071 2.31099 2.13009 2.18973 2.48820 3.21599 4.24458 4.79072 4.57276 4.16396 3.61011
2.83311 2.97095 2.95519 2.67642 2.30131 1.99415 1.80351 1.85357 2.17527 2.70980 3.67745 4.36577 4.26317 3.92078 3.40614
2.75020 2.84778 2.78803 2.48045 2.12683 1.82700 1.68568 1.72406 2.00347 2.50249 3.32869 4.13158 4.12879 3.78761 3.30305
2.66692 2.72537 2.63939 2.33446 1.97734 1.71690 1.61572 1.63967 1.87419 2.35296 3.05499 3.89887 3.97672 3.67842 3.20365
2.58032 2.61145 2.50784 2.21120 1.84599 1.64937 1.56871 1.57953 1.78771 2.23300 2.83752 3.67628 3.82452 3.57590 3.14747
2.48654 2.51203 2.39216 2.09975 1.74476 1.59754 1.53339 1.55076 1.73596 2.13636 2.68273 3.47768 3.67087 3.46140 3.03562
2.40301 2.43980 2.29064 1.99529 1.68372 1.55668 1.50621 1.53430 1.69644 2.05963 2.56863 3.27520 3.54505 3.35754 2.96585
2.33657 2.35530 2.21076 1.90335 1.64809 1.52050 1.47767 1.52294 1.65339 1.98796 2.47082 3.09475 3.42236 3.24581 2.91214
2.27496 2.28509 2.13821 1.82341 1.61866 1.50534 1.47994 1.52442 1.63886 1.94210 2.39928 2.95017 3.29772 3.14083 2.85911
2.22125 2.22311 2.07645 1.76914 1.60357 1.50350 1.49256 1.53895 1.64351 1.91432 2.35022 2.85667 3.16094 3.04128 2.82716
2.16872 2.17227 2.01532 1.73518 1.59119 1.51438 1.51428 1.55768 1.65602 1.90647 2.30430 2.77064 3.03896 2.97520 2.78784
2.12296 2.12684 1.97209 1.70029 1.58662 1.52985 1.53902 1.58197 1.67515 1.90732 2.27470 2.70342 2.96161 2.92820 2.74438
2.07876 2.09362 1.92943 1.68292 1.59062 1.55509 1.57629 1.63098 1.70429 1.93114 2.25393 2.64313 2.90013 2.88298 2.70649
2.04146 2.05577 1.88980 1.66819 1.59664 1.59294 1.62546 1.68697 1.76268 1.97012 2.24032 2.59851 2.84639 2.84279 2.67344
2.00423 2.02576 1.87373 1.67060 1.61920 1.62563 1.68452 1.76083 1.83485 2.01654 2.23445 2.56776 2.79884 2.79386 2.64643
1.98000 2.00794 1.84160 1.67770 1.63821 1.66248 1.73137 1.83413 1.92762 2.05356 2.24493 2.54627 2.74669 2.75998 2.62379
1.95294 1.98135 1.82514 1.69408 1.67544 1.71196 1.80978 1.89530 1.99356 2.09285 2.25755 2.53560 2.71277 2.72082 2.59412
1.93627 1.96847 1.81288 1.71225 1.69357 1.75543 1.84664 1.95551 2.03587 2.12818 2.27898 2.52081 2.68325 2.69541 2.56562
1.91512 1.95901 1.81991 1.72486 1.71658 1.79614 1.92729 2.03553 2.09567 2.16080 2.29016 2.51771 2.65224 2.66415 2.54817
1.89935 1.94666 1.82278 1.74004 1.73600 1.85614 1.99810 2.08516 2.15059 2.20468 2.30705 2.51303 2.63550 2.63733 2.52507
1.86891 1.92842 1.83041 1.75146 1.75854 1.91804 2.04053 2.10403 2.18500 2.25439 2.32293 2.50342 2.62010 2.61595 2.50417
1.85431 1.91461 1.82591 1.74714 1.79452 1.95702 2.09068 2.12456 2.23717 2.29304 2.35545 2.50073 2.59413 2.59467 2.48896
1.83174 1.90177 1.82139 1.73738 1.81571 1.97590 2.13820 2.15651 2.29050 2.31869 2.37685 2.49636 2.59285 2.56929 2.46367
1.80267 1.87621 1.78416 1.73470 1.81084 1.98214 2.13957 2.18131 2.31289 2.33196 2.38413 2.49598 2.57731 2.55803 2.45741
3.70333 4.11265 4.39992 4.33496 3.77494 3.28490 3.00960 3.11756 3.68886 4.67423 5.31264 5.49439 5.26507 4.92550 4.31913
3.55837 3.92125 4.12138 3.87764 3.28753 2.83597 2.65869 2.71990 3.16407 4.15024 5.03873 5.30691 5.10674 4.78741 4.18061
3.46351 3.78792 3.91848 3.54785 2.97530 2.65928 2.51100 2.56766 2.90047 3.78191 4.75583 5.15537 5.00095 4.65332 4.07534
3.35502 3.63352 3.70259 3.27430 2.77203 2.52286 2.40723 2.45035 2.72390 3.47980 4.48313 5.01915 4.90266 4.51865 3.98426
3.24073 3.50073 3.50340 3.04014 2.63555 2.42449 2.33725 2.36828 2.62044 3.22933 4.20635 4.87105 4.80025 4.40719 3.92564
3.10151 3.38040 3.31398 2.84956 2.52833 2.35310 2.28462 2.32319 2.54798 3.05025 3.95557 4.71073 4.65991 4.26516 3.80761
2.97216 3.29084 3.11957 2.72074 2.45150 2.29790 2.24652 2.29120 2.49405 2.91367 3.76023 4.52410 4.51486 4.16718 3.70752
2.89408 3.15569 2.94889 2.62666 2.40029 2.25742 2.21735 2.27360 2.44216 2.80553 3.56885 4.29171 4.35492 4.06741 3.62641
2.81713 3.01920 2.82360 2.55604 2.35645 2.23434 2.20537 2.26382 2.41683 2.74295 3.42995 4.15757 4.24219 3.97951 3.55344
2.77394 2.89588 2.74279 2.49479 2.32800 2.22335 2.21033 2.27120 2.41043 2.70060 3.31871 4.00400 4.13152 3.87589 3.50122
2.72600 2.82679 2.67529 2.45947 2.30901 2.22661 2.22982 2.28551 2.41815 2.68105 3.22800 3.87895 4.02935 3.79920 3.44820
2.68435 2.77336 2.62223 2.42192 2.29402 2.23638 2.24836 2.30710 2.43888 2.67510 3.16704 3.75837 3.92374 3.72160 3.38180
2.64823 2.71960 2.57551 2.39762 2.29363 2.25563 2.27893 2.35251 2.46580 2.68171 3.11612 3.63408 3.82894 3.64763 3.32093
2.61194 2.67384 2.53886 2.38025 2.29843 2.28681 2.32836 2.40807 2.51421 2.69880 3.08133 3.56546 3.74611 3.60200 3.27769
2.57740 2.63525 2.51873 2.37836 2.31668 2.32153 2.38633 2.46726 2.56568 2.72743 3.06489 3.50449 3.65548 3.52501 3.23931
2.55498 2.60949 2.49465 2.37988 2.33434 2.35891 2.42536 2.52290 2.62632 2.75970 3.06252 3.46239 3.58118 3.47551 3.21529
2.52792 2.57579 2.47846 2.39677 2.37382 2.41086 2.48821 2.56783 2.67519 2.80689 3.07942 3.41340 3.50727 3.42141 3.16640
2.51587 2.55863 2.46650 2.40966 2.39378 2.44987 2.51928 2.61385 2.71829 2.85892 3.11971 3.39729 3.46450 3.38873 3.12829
2.49838 2.54849 2.47593 2.42655 2.42439 2.49038 2.58341 2.68213 2.78322 2.91743 3.13335 3.36277 3.41321 3.34019 3.09083
2.48265 2.53424 2.47383 2.44280 2.44897 2.53415 2.64285 2.73376 2.85874 2.99602 3.15323 3.35537 3.38843 3.30000 3.05988
2.46058 2.51720 2.47650 2.45585 2.47359 2.58402 2.68197 2.75079 2.92612 3.08896 3.17471 3.32936 3.35333 3.26775 3.02699
2.44675 2.51450 2.48273 2.46214 2.50926 2.62133 2.72477 2.73948 3.00503 3.14528 3.20618 3.30438 3.31048 3.23082 2.99941
2.43024 2.50372 2.48216 2.46752 2.53867 2.65408 2.75290 2.74229 3.03253 3.17865 3.22650 3.29370 3.30386 3.19495 2.95688
2.41260 2.49548 2.47123 2.47970 2.54960 2.66447 2.72575 2.73681 3.01149 3.17531 3.21916 3.28581 3.26573 3.17835 2.94827
4.40284 4.87523 5.16161 5.20865 4.90518 4.47901 4.17451 4.34597 4.94226 5.59460 6.03786 6.13266 5.81889 5.47302 5.00937
4.19561 4.70952 4.94455 4.87690 4.38173 3.87328 3.60343 3.73430 4.38273 5.21887 5.72144 5.89929 5.62232 5.33061 4.88110
4.08990 4.57145 4.80180 4.58614 3.99761 3.54862 3.33411 3.44933 4.02046 4.95727 5.52373 5.73153 5.53134 5.23930 4.77682
3.97940 4.39575 4.63175 4.27242 3.70642 3.31920 3.14241 3.24759 3.74340 4.66998 5.35847 5.60631 5.44311 5.14659 4.69316
3.84830 4.24248 4.39236 3.98605 3.46842 3.13683 2.97465 3.07483 3.55660 4.40646 5.17283 5.48294 5.35599 5.06103 4.62340
3.71603 4.11052 4.15925 3.74594 3.28936 2.97890 2.85417 2.96694 3.41139 4.17171 5.00203 5.38844 5.25523 4.97021 4.50384
3.57696 3.98652 3.94874 3.54178 3.15228 2.86291 2.78880 2.89856 3.30221 3.96787 4.83570 5.25764 5.16168 4.88411 4.36978
3.47828 3.85352 3.75998 3.38936 3.04131 2.78537 2.74542 2.84993 3.20538 3.79900 4.65079 5.13336 5.06254 4.81430 4.28686
3.41256 3.73842 3.60107 3.27160 2.93673 2.74876 2.72275 2.82497 3.15305 3.69582 4.48774 5.02336 4.97100 4.72465 4.19664
3.34062 3.61038 3.48578 3.17427 2.87370 2.72879 2.72497 2.82734 3.13684 3.61463 4.34770 4.92349 4.90146 4.63134 4.13086
3.27995 3.51125 3.37529 3.09709 2.82701 2.72773 2.74023 2.84459 3.14511 3.57122 4.22954 4.81043 4.82205 4.52854 4.05451
3.22485 3.43803 3.29470 3.02585 2.80089 2.73607 2.75465 2.87550 3.17409 3.55175 4.13031 4.72402 4.73649 4.43068 3.97683
3.16959 3.36703 3.22988 2.97398 2.79204 2.75343 2.79520 2.96341 3.20535 3.54964 4.04842 4.60237 4.66391 4.36293 3.91597
3.13262 3.30579 3.17177 2.93490 2.80214 2.79959 2.87141 3.06289 3.26771 3.56752 3.98658 4.50664 4.57518 4.26772 3.84583
3.08843 3.25153 3.13366 2.92428 2.82071 2.85557 2.98845 3.15974 3.33423 3.59664 3.95202 4.40808 4.44930 4.19596 3.79722
3.05237 3.21123 3.09100 2.92873 2.86412 2.94510 3.07168 3.24539 3.42441 3.63592 3.93969 4.33088 4.31950 4.10005 3.74816
3.03467 3.17096 3.06104 2.95112 2.93383 3.04177 3.17568 3.32450 3.50969 3.70373 3.94918 4.22879 4.21915 4.04127 3.70092
3.00773 3.14132 3.05578 2.98212 2.98862 3.11747 3.24534 3.41225 3.58787 3.75539 3.96086 4.16138 4.15627 3.99112 3.66113
2.98394 3.12186 3.04149 3.00523 3.04362 3.17255 3.35008 3.54573 3.69969 3.81249 3.96524 4.13072 4.10518 3.94385 3.61623
2.95439 3.09894 3.05143 3.04458 3.09586 3.25375 3.46614 3.65934 3.81625 3.91072 3.97897 4.10004 4.06769 3.88079 3.58870
2.93669 3.07855 3.05290 3.06109 3.13977 3.33857 3.56230 3.72686 3.90604 3.99191 3.97895 4.07429 4.00776 3.84091 3.54508
2.90770 3.07092 3.07020 3.08052 3.19486 3.41675 3.67700 3.78896 4.01220 4.05260 4.00723 4.03533 3.95228 3.78732 3.52408
2.88284 3.04610 3.06506 3.09550 3.24444 3.48248 3.79411 3.86944 4.12943 4.08295 4.00846 4.00688 3.91960 3.75146 3.48294
2.84583 3.01916 3.04792 3.11694 3.27531 3.53821 3.83197 3.93702 4.16457 4.07781 3.98859 3.98280 3.89491 3.71070 3.45422
4.97270 5.34528 5.66511 5.91670 5.86615 5.79542 5.72407 5.88422 6.16264 6.42583 6.54921 6.53655 6.27538 5.94334 5.42663
4.88321 5.25978 5.53154 5.68953 5.59538 5.50806 5.44696 5.59590 5.95615 6.25595 6.40315 6.40234 6.16172 5.84412 5.35733
4.81398 5.18030 5.44731 5.52059 5.41684 5.32405 5.24716 5.37169 5.74671 6.11433 6.28607 6.31071 6.08299 5.73957 5.28234
4.72875 5.08809 5.36214 5.37452 5.26036 5.13068 5.07622 5.19812 5.54977 5.97002 6.16938 6.20982 6.00432 5.62257 5.21871
4.62694 5.01509 5.26688 5.22594 5.09798 4.96207 4.91915 5.03714 5.38719 5.82086 6.04855 6.11491 5.91659 5.53743 5.15861
4.51174 4.93289 5.15409 5.07803 4.93682 4.81083 4.77101 4.92153 5.26353 5.64367 5.93432 6.03300 5.79306 5.44923 5.07131
4.37321 4.85415 5.02352 4.93058 4.81224 4.67699 4.66337 4.83484 5.16409 5.49890 5.80052 5.93858 5.68520 5.37637 4.97979
4.26658 4.77676 4.90408 4.80166 4.69494 4.55241 4.57552 4.76492 5.06057 5.37468 5.64049 5.82737 5.58084 5.31473 4.91273
4.19310 4.70285 4.78580 4.68689 4.59063 4.47918 4.52141 4.71416 5.00377 5.29200 5.50950 5.67562 5.48984 5.22603 4.84463
4.11795 4.60705 4.69079 4.58684 4.49936 4.40818 4.49739 4.69493 4.96583 5.22408 5.42477 5.56385 5.42363 5.15684 4.79412
4.04448 4.52428 4.57967 4.49870 4.41537 4.37332 4.49451 4.67813 4.94211 5.17404 5.34657 5.47331 5.35611 5.08558 4.72995
3.97134 4.44569 4.49816 4.41829 4.34226 4.35208 4.49148 4.68530 4.94079 5.13529 5.27776 5.39514 5.27918 5.02295 4.66008
3.90727 4.35605 4.40015 4.34144 4.28833 4.36268 4.53192 4.71957 4.92932 5.10930 5.20788 5.31540 5.22200 4.97161 4.61126
3.85706 4.25342 4.29007 4.25905 4.26893 4.41374 4.56767 4.75890 4.95058 5.09441 5.15272 5.24189 5.14868 4.89908 4.54205
3.80195 4.13239 4.20721 4.20532 4.25666 4.44034 4.62621 4.81773 4.97083 5.08130 5.10368 5.17690 5.06147 4.85523 4.49018
3.76080 4.06077 4.09764 4.18338 4.29703 4.48976 4.66497 4.86582 5.01289 5.06981 5.06657 5.11675 4.99614 4.78380 4.44398
3.73240 4.00030 4.04213 4.17205 4.34928 4.53950 4.71714 4.90155 5.03979 5.06985 5.05028 5.06364 4.93653 4.74413 4.37963
3.69688 3.94717 4.01854 4.16613 4.35902 4.58240 4.75934 4.91708 5.03854 5.06607 5.03175 5.01213 4.88313 4.69384 4.34341
3.66412 3.90948 3.99361 4.17302 4.39306 4.60762 4.81130 4.97122 5.06571 5.06521 5.01160 4.97375 4.83389 4.65293 4.28738
3.62371 3.87812 3.98123 4.17429 4.42896 4.64895 4.85974 5.00145 5.07705 5.07218 4.98811 4.93589 4.80537 4.59969 4.23922
3.59323 3.83230 3.96266 4.17898 4.44712 4.69562 4.88880 4.98342 5.08113 5.07585 4.95276 4.89080 4.74803 4.55490 4.19343
3.56419 3.83094 3.97843 4.20722 4.48677 4.72427 4.93167 4.98660 5.09529 5.05982 4.93695 4.85562 4.69874 4.50880 4.13781
3.53335 3.79852 3.95477 4.20812 4.51184 4.75225 4.97836 5.00248 5.12332 5.03523 4.90723 4.81482 4.66761 4.46739 4.08838
3.50190 3.76179 3.91718 4.21151 4.50962 4.76510 4.96452 5.01591 5.10528 4.98892 4.85788 4.78026 4.63846 4.42211 4.04264
5.33966 5.76480 6.09657 6.32605 6.41735 6.53840 6.57736 6.67615 6.82345 6.93677 6.95453 6.90301 6.59868 6.26964 5.83381
5.28044 5.69549 6.02313 6.22717 6.31456 6.41252 6.44967 6.54430 6.68332 6.79292 6.80768 6.76153 6.49968 6.20711 5.77706
5.22053 5.59395 5.95838 6.12388 6.20971 6.29793 6.31303 6.41561 6.56149 6.67919 6.69771 6.66556 6.41708 6.13513 5.68974
5.15486 5.49881 5.89715 6.02243 6.10741 6.15628 6.18732 6.28251 6.45333 6.56603 6.59422 6.57154 6.34454 6.05154 5.60869
5.07560 5.44028 5.82628 5.93242 6.01286 6.04529 6.07752 6.16141 6.33858 6.46273 6.48768 6.47903 6.26457 5.97888 5.53163
4.98763 5.36473 5.73856 5.84146 5.90946 5.93532 5.96910 6.06226 6.24118 6.35422 6.38472 6.39022 6.17558 5.89766 5.43380
4.88569 5.31125 5.61080 5.75058 5.81754 5.83177 5.87373 5.97837 6.14938 6.25708 6.28494 6.30032 6.09574 5.82048 5.34590
4.82158 5.25764 5.48459 5.62522 5.73394 5.73973 5.79172 5.90273 6.04706 6.14993 6.19202 6.20028 6.01852 5.74617 5.27919
4.75494 5.20444 5.38442 5.49028 5.62624 5.65092 5.71638 5.83051 5.98107 6.07380 6.09816 6.12076 5.94971 5.63606 5.22741
4.70579 5.13433 5.31754 5.39024 5.48481 5.53606 5.64928 5.77733 5.91631 6.00338 6.02378 6.04829 5.87881 5.54791 5.17526
4.66484 5.06936 5.24009 5.31819 5.38587 5.45391 5.57741 5.72256 5.86404 5.94272 5.94815 5.96800 5.81838 5.46711 5.12147
4.62121 5.02128 5.18067 5.26350 5.31974 5.38230 5.51875 5.68613 5.82078 5.88398 5.87855 5.89066 5.74658 5.41120 5.06131
4.57520 4.96278 5.10241 5.20096 5.26518 5.34212 5.47522 5.66354 5.78042 5.83468 5.80678 5.82285 5.68305 5.34918 5.02135
4.52912 4.90794 5.03295 5.13781 5.22617 5.33023 5.43639 5.62521 5.75073 5.79617 5.75248 5.75364 5.59240 5.29773 4.96514
4.47887 4.85506 4.98982 5.09558 5.18811 5.30506 5.43727 5.62082 5.71931 5.75575 5.68896 5.67830 5.47429 5.25091 4.92600
4.44328 4.80007 4.92450 5.06063 5.17079 5.28410 5.42521 5.60773 5.70993 5.70804 5.61014 5.59472 5.39278 5.19559 4.88560
4.40711 4.75121 4.88179 5.03775 5.16470 5.28015 5.42418 5.58171 5.68739 5.67629 5.57454 5.50776 5.34019 5.15417 4.83304
4.38599 4.69719 4.85067 5.01115 5.13382 5.27168 5.41716 5.55541 5.64534 5.64264 5.52075 5.43409 5.28400 5.11046 4.81062
4.35175 4.65566 4.82130 4.99019 5.11994 5.24925 5.42129 5.56737 5.63462 5.59310 5.46664 5.38831 5.24672 5.05569 4.76790
4.31669 4.62820 4.79236 4.95481 5.11030 5.24391 5.41647 5.56665 5.61395 5.55553 5.41146 5.34242 5.20874 5.01945 4.73046
4.27851 4.57044 4.75918 4.94028 5.09094 5.25287 5.38495 5.48012 5.59135 5.54749 5.36731 5.29262 5.16286 4.97956 4.69319
4.24983 4.57200 4.76557 4.92970 5.09394 5.24250 5.39803 5.42619 5.57371 5.49973 5.33477 5.25665 5.12030 4.94208 4.65742
4.21916 4.53246 4.72185 4.90313 5.08001 5.23262 5.42794 5.43352 5.57269 5.42509 5.28993 5.21547 5.09361 4.89563 4.61632
4.17858 4.48838 4.66945 4.86641 5.04844 5.22383 5.39275 5.42620 5.50743 5.34390 5.23631 5.18338 5.05931 4.86299 4.57660
5.77698 6.09726 6.39767 6.64155 6.77032 7.02803 7.11771 7.21586 7.31553 7.37256 7.35586 7.30168 6.97632 6.56370 6.14340
5.72338 6.05528 6.33243 6.55556 6.67239 6.85632 6.99712 7.10592 7.20048 7.26043 7.24911 7.19340 6.84558 6.50579 6.09965
5.65545 5.98989 6.27309 6.45673 6.58820 6.72960 6.82049 6.97642 7.08704 7.13473 7.12675 7.08257 6.72961 6.42911 6.03330
5.59132 5.92792 6.21262 6.36577 6.49475 6.61271 6.68419 6.78701 6.96484 7.02059 7.00571 6.95137 6.64284 6.34505 5.97231
5.50598 5.87601 6.15248 6.28036 6.41018 6.52389 6.59660 6.66749 6.79465 6.85420 6.81665 6.80005 6.56154 6.26315 5.91103
5.39513 5.82406 6.08548 6.19843 6.32355 6.42656 6.50425 6.58108 6.68154 6.71164 6.68958 6.68408 6.47169 6.18992 5.84646
5.29100 5.78782 6.01220 6.12468 6.24566 6.33658 6.41547 6.50425 6.59589 6.61712 6.59663 6.59662 6.39391 6.12506 5.77176
5.23959 5.73578 5.93967 6.04479 6.17518 6.25643 6.33903 6.42945 6.50264 6.51970 6.50442 6.49766 6.31505 6.06907 5.69666
5.18172 5.68594 5.87395 5.97541 6.10353 6.17504 6.25958 6.35024 6.43083 6.44271 6.41813 6.42039 6.24892 5.99230 5.64073
5.14990 5.62237 5.81244 5.91226 6.02945 6.10893 6.19798 6.28406 6.35717 6.36779 6.33577 6.34639 6.17238 5.93319 5.58149
5.11277 5.54875 5.74035 5.84370 5.96296 6.04933 6.13406 6.22120 6.29405 6.30247 6.26434 6.26698 6.11430 5.87453 5.52673
5.07449 5.49802 5.68510 5.79192 5.89265 5.98874 6.08350 6.16284 6.23154 6.23164 6.18509 6.18957 6.05375 5.83674 5.46553
5.03680 5.42528 5.61368 5.73693 5.84073 5.93996 6.04073 6.12449 6.17915 6.18014 6.11696 6.11813 5.99962 5.78264 5.41523
4.99284 5.34439 5.52615 5.67521 5.80287 5.91170 5.99308 6.08073 6.13465 6.13204 6.05646 6.04849 5.94082 5.74501 5.35232
4.95402 5.28026 5.45977 5.62943 5.75292 5.87869 5.96518 6.04864 6.08333 6.08297 6.00543 5.98896 5.87214 5.69001 5.31331
4.92446 5.22007 5.37077 5.59039 5.72202 5.83809 5.92963 6.01352 6.05654 6.02813 5.95224 5.93628 5.81807 5.64466 5.26452
4.89308 5.17402 5.30043 5.55206 5.70767 5.81651 5.89893 5.97707 6.02257 5.99748 5.92073 5.88811 5.77711 5.58978 5.20888
4.87421 5.13158 5.25785 5.49940 5.66447 5.79286 5.87896 5.93557 5.98062 5.96447 5.89034 5.84484 5.72313 5.53908 5.18274
4.84347 5.08825 5.22534 5.45149 5.63365 5.74963 5.85503 5.92295 5.95776 5.92874 5.85903 5.81299 5.69054 5.46280 5.14023
4.80496 5.05846 5.19284 5.39819 5.60436 5.72281 5.83405 5.89893 5.93284 5.89883 5.82436 5.77446 5.64176 5.40856 5.10880
4.76579 5.00222 5.15763 5.36552 5.57368 5.71298 5.80891 5.84817 5.89735 5.87800 5.79065 5.72822 5.60152 5.35043 5.06776
4.73606 5.00364 5.15681 5.32855 5.56990 5.68844 5.79091 5.81222 5.88003 5.83674 5.74841 5.68776 5.54412 5.30196 5.04321
4.70470 4.95528 5.11535 5.28593 5.53333 5.65604 5.80624 5.79861 5.87425 5.79019 5.70637 5.64670 5.50878 5.24132 5.00485
4.66099 4.91375 5.06340 5.24260 5.48250 5.63103 5.76446 5.76486 5.82986 5.72946 5.64688 5.61399 5.46107 5.21040 4.96282
2.28560 2.52544 2.59931 2.29404 1.44283 0.51548 0.66440 1.32693 1.53775 1.23390 0.58237 0.53280 1.16787 1.54815 1.65184
2.12217 2.29166 2.29602 1.89974 0.95522 0.35295 1.62511 2.24853 2.28664 2.24503 1.66538 0.39126 0.58184 1.19317 1.39233
2.05137 2.20780 2.16970 1.67500 0.67821 0.57065 1.99429 2.29180 2.29945 2.29871 2.16942 0.95719 0.27179 0.91801 1.23214
1.97862 2.13653 2.06340 1.49553 0.48483 0.81170 2.10133 2.30661 2.30788 2.31063 2.29461 1.62286 0.31926 0.58794 1.05327
1.91381 2.07620 1.93667 1.33834 0.36049 0.98864 2.07193 2.31607 2.31410 2.31547 2.32120 2.04980 0.71524 0.29278 0.84830
1.82591 1.99913 1.79549 1.18712 0.30047 1.12914 2.05428 2.32508 2.31791 2.32199 2.32764 2.22251 1.27669 0.22484 0.57281
1.74792 1.90382 1.66265 1.04252 0.28109 1.28143 2.12552 2.32811 2.32761 2.33429 2.33302 2.30085 1.80152 0.39551 0.27639
1.69177 1.79217 1.55670 0.90514 0.28780 1.43727 2.25320 2.33105 2.34051 2.33630 2.34116 2.32671 2.11485 0.80452 0.17162
1.64862 1.69647 1.47162 0.78524 0.29978 1.47009 2.23239 2.33479 2.34644 2.34652 2.34862 2.34130 2.22685 1.32756 0.28577
1.60796 1.63027 1.38785 0.68144 0.31180 1.41803 2.17368 2.32374 2.34827 2.35664 2.35311 2.34783 2.27339 1.78048 0.50699
1.56126 1.57037 1.31784 0.60559 0.32212 1.29071 2.06281 2.29601 2.34670 2.36058 2.35843 2.35738 2.30709 2.06015 0.88068
1.52443 1.52160 1.25340 0.53346 0.32080 1.14921 1.89682 2.24275 2.34212 2.36207 2.36448 2.36345 2.32688 2.15434 1.30390
1.48880 1.48151 1.19401 0.47531 0.30866 0.96123 1.60886 1.99596 2.28829 2.35464 2.36779 2.36787 2.33547 2.20502 1.72054
1.45235 1.43167 1.12964 0.43226 0.29019 0.77071 1.24354 1.66199 2.12108 2.33663 2.36794 2.37301 2.34622 2.24859 1.92750
1.41676 1.38384 1.09168 0.41397 0.24414 0.62609 0.92170 1.30575 1.88055 2.29364 2.36463 2.37490 2.35274 2.27653 2.05485
1.38100 1.35076 1.04572 0.40552 0.21052 0.52709 0.76374 1.03664 1.59306 2.22630 2.35658 2.37605 2.36408 2.30782 2.15854
1.34918 1.31383 1.01219 0.42219 0.16292 0.42232 0.59119 0.91930 1.40213 2.12145 2.34537 2.37084 2.37032 2.33014 2.25390
1.32384 1.28437 0.98571 0.44375 0.14614 0.35809 0.57444 0.80008 1.35931 2.01783 2.33854 2.36857 2.37504 2.34132 2.30371
1.29847 1.25577 0.96456 0.46061 0.13355 0.30487 0.43289 0.58311 1.10893 1.99011 2.34300 2.37371 2.37697 2.35676 2.33338
1.26798 1.22206 0.95457 0.47493 0.12009 0.24505 0.32856 0.50015 0.91985 1.85223 2.35668 2.37565 2.37757 2.37012 2.35532
1.23558 1.19373 0.93933 0.48527 0.12065 0.18716 0.30206 0.57784 0.93790 1.73267 2.35222 2.37853 2.37582 2.37397 2.36816
1.22120 1.18894 0.93804 0.48435 0.12717 0.17082 0.24789 0.71029 0.94768 1.87814 2.33711 2.36586 2.35748 2.37126 2.36602
1.20422 1.16696 0.92074 0.49466 0.14924 0.17482 0.22212 0.84393 0.90328 2.14216 2.35479 2.29027 2.28035 2.33090 2.33929
1.18294 1.13784 0.90603 0.50432 0.15147 0.21595 0.31063 1.09765 1.29640 2.31765 2.22406 2.03202 1.98627 2.18069 2.22706
2.80163 3.23184 3.52204 3.29693 2.42580 1.61720 1.07214 0.77574 0.67774 0.82518 1.13396 1.59259 1.99363 2.19036 2.17877
2.60593 2.89901 3.07348 2.75669 2.01042 1.25062 0.73502 0.37910 0.25371 0.39871 0.71172 1.16196 1.57937 1.93365 1.99686
2.52696 2.78080 2.87214 2.54374 1.82100 1.10437 0.59005 0.23798 0.13909 0.21201 0.47652 0.93339 1.36399 1.70187 1.86013
2.45733 2.68671 2.74272 2.39195 1.66582 0.98876 0.49820 0.16463 0.10792 0.12876 0.28396 0.73271 1.16739 1.49568 1.66711
2.40159 2.59922 2.62732 2.25719 1.52547 0.90207 0.46399 0.12771 0.09988 0.09733 0.16114 0.56152 0.97832 1.32401 1.52156
2.34098 2.52326 2.50832 2.13052 1.39830 0.83630 0.44396 0.12542 0.10179 0.08837 0.10468 0.41695 0.80232 1.16294 1.37788
2.27914 2.45451 2.40467 2.01431 1.31081 0.77435 0.41039 0.13576 0.10035 0.08072 0.08442 0.28659 0.65435 1.01092 1.21866
2.23589 2.38477 2.30702 1.91141 1.24012 0.72025 0.33897 0.14385 0.08526 0.08015 0.07945 0.20158 0.52678 0.86432 1.08142
2.19922 2.31823 2.23067 1.81971 1.18749 0.69952 0.36053 0.16815 0.09144 0.07913 0.07766 0.14921 0.42789 0.71218 0.94487
2.15880 2.25751 2.15926 1.74264 1.15738 0.70051 0.40797 0.21140 0.10927 0.08188 0.07855 0.12160 0.34879 0.58745 0.82299
2.11642 2.19693 2.10336 1.69088 1.12727 0.71620 0.46839 0.26756 0.14366 0.09129 0.08071 0.10473 0.28814 0.49291 0.69970
2.08153 2.15585 2.05562 1.62917 1.11690 0.73754 0.52723 0.33109 0.18805 0.10802 0.08731 0.09574 0.24983 0.43260 0.58109
2.04959 2.12031 2.00875 1.58198 1.11178 0.77148 0.59396 0.45296 0.27349 0.15303 0.09990 0.09350 0.22593 0.38910 0.47572
2.01788 2.07673 1.96287 1.54126 1.11416 0.82368 0.67046 0.56180 0.38716 0.21771 0.11933 0.09682 0.20205 0.34782 0.41649
1.99019 2.04058 1.93147 1.52402 1.13046 0.87382 0.74546 0.64512 0.49303 0.30392 0.14475 0.11612 0.19045 0.31897 0.37457
1.96169 2.01417 1.89868 1.51272 1.14968 0.92049 0.79875 0.72016 0.58369 0.37242 0.20496 0.13724 0.18059 0.29622 0.32925
1.93753 1.98995 1.87394 1.51077 1.18994 0.97534 0.86839 0.75842 0.64151 0.43920 0.25424 0.17158 0.16355 0.27423 0.28349
1.92042 1.96631 1.85129 1.51932 1.21466 1.01892 0.89191 0.80112 0.66235 0.49305 0.30620 0.18777 0.15696 0.25070 0.25762
1.90194 1.94469 1.83936 1.52234 1.24213 1.05930 0.95384 0.86939 0.72503 0.51331 0.31891 0.20001 0.16311 0.22964 0.23236
1.87915 1.92263 1.82457 1.52929 1.27135 1.10430 1.01450 0.90515 0.77665 0.56168 0.30989 0.19278 0.15849 0.19973 0.20568
1.85164 1.90051 1.81505 1.53664 1.29922 1.15547 1.04411 0.89174 0.78009 0.61058 0.30083 0.16855 0.13741 0.15851 0.18950
1.83947 1.89992 1.81530 1.54003 1.32656 1.18802 1.09318 0.87875 0.80384 0.60408 0.31034 0.12637 0.10403 0.12499 0.17441
1.83059 1.88450 1.79815 1.55168 1.35133 1.20871 1.14403 0.87444 0.83973 0.55764 0.26118 0.10200 0.08463 0.09252 0.17081
1.80827 1.86187 1.78778 1.56743 1.36568 1.20935 1.11547 0.84961 0.77655 0.43674 0.16895 0.10422 0.12002 0.10114 0.21537
3.48718 4.02161 4.39782 4.45336 3.52498 2.41009 1.82541 1.52300 1.45279 1.58906 1.93416 2.38645 2.73504 2.79203 2.61696
3.27792 3.75334 4.09010 4.01811 2.99707 2.09123 1.54361 1.28887 1.21594 1.31908 1.58901 2.04905 2.39673 2.53702 2.43961
3.15947 3.61075 3.91954 3.75398 2.71503 1.93228 1.41960 1.18989 1.11589 1.18815 1.39868 1.84514 2.21112 2.39000 2.33994
3.04410 3.48020 3.76509 3.52106 2.50365 1.80139 1.33885 1.11511 1.05887 1.09769 1.26370 1.63427 2.04755 2.24334 2.23340
2.94298 3.35948 3.60789 3.27234 2.34136 1.69481 1.29116 1.06503 1.02619 1.03516 1.15662 1.46476 1.89204 2.10751 2.12865
2.84211 3.25305 3.44254 3.03556 2.21322 1.61186 1.25831 1.04628 1.01154 0.99442 1.08226 1.35090 1.72347 1.99099 2.01710
2.74096 3.14382 3.29166 2.85865 2.12154 1.53786 1.22992 1.04666 0.99863 0.97623 1.02919 1.25384 1.56894 1.88138 1.89776
2.68211 3.02168 3.15593 2.68419 2.03857 1.47747 1.18908 1.04761 0.96655 0.94993 1.00068 1.17869 1.44680 1.76519 1.79671
2.63858 2.89905 2.99784 2.56637 1.97621 1.44494 1.19256 1.06307 0.97688 0.94148 0.98036 1.12245 1.36359 1.62007 1.69605
2.58633 2.79982 2.85450 2.47649 1.93650 1.43623 1.21059 1.08783 1.00132 0.95892 0.98032 1.07952 1.30179 1.50045 1.59519
2.54275 2.72889 2.75752 2.41360 1.89789 1.43674 1.23613 1.11826 1.03101 0.97742 0.98066 1.05490 1.25190 1.41526 1.48860
2.50481 2.68601 2.69263 2.34729 1.87893 1.45031 1.26492 1.15099 1.06678 0.99905 0.99032 1.03813 1.21538 1.36387 1.39844
2.46925 2.64169 2.62863 2.29491 1.86441 1.47347 1.30577 1.20892 1.11505 1.04016 1.00608 1.03392 1.18746 1.33043 1.33190
2.43142 2.58760 2.56706 2.24794 1.86303 1.52141 1.35943 1.27512 1.17550 1.08398 1.02623 1.03217 1.16109 1.29868 1.29086
2.40108 2.55210 2.50943 2.22188 1.86803 1.58094 1.42347 1.33283 1.23506 1.13438 1.04705 1.04614 1.14428 1.27097 1.25950
2.36568 2.51122 2.47263 2.20697 1.88195 1.63941 1.48163 1.39774 1.29237 1.17389 1.08763 1.06170 1.13585 1.25509 1.22972
2.33721 2.48152 2.43071 2.18877 1.91033 1.70894 1.56775 1.44025 1.33706 1.21487 1.11977 1.08550 1.12256 1.23658 1.20284
2.31485 2.44410 2.40062 2.19314 1.93038 1.75596 1.61673 1.49485 1.36473 1.25204 1.15132 1.09929 1.11654 1.22168 1.17798
2.29479 2.41658 2.37603 2.18878 1.95342 1.79990 1.69269 1.58688 1.42756 1.27572 1.16553 1.11255 1.11962 1.20878 1.15984
2.27236 2.38659 2.35051 2.18918 1.97843 1.84329 1.75659 1.65161 1.49375 1.31675 1.17580 1.11623 1.12033 1.19210 1.13726
2.24357 2.35507 2.33552 2.19296 2.00903 1.89269 1.79743 1.66630 1.52004 1.36324 1.18591 1.11249 1.11270 1.17352 1.11945
2.23336 2.35570 2.33279 2.19043 2.03654 1.93015 1.84644 1.67958 1.57570 1.38069 1.20727 1.09430 1.09187 1.15280 1.08988
2.22177 2.32275 2.31557 2.19976 2.06831 1.96034 1.90116 1.70324 1.63432 1.37902 1.20217 1.07575 1.06691 1.12194 1.05905
2.20182 2.30165 2.30095 2.20416 2.09206 1.98258 1.90354 1.71070 1.60962 1.34078 1.15759 1.03699 1.01916 1.08614 1.01107
4.22153 4.78438 5.10854 5.27142 4.85557 3.74184 2.75802 2.36654 2.27748 2.41958 2.80768 3.44369 3.73923 3.65367 3.28698
4.04741 4.59995 4.93116 5.04230 4.48038 3.24183 2.42960 2.12884 2.05081 2.15380 2.43058 2.96103 3.37553 3.41844 3.12359
3.93366 4.48261 4.80766 4.88875 4.17353 2.94916 2.27961 2.01645 1.93709 2.00802 2.23351 2.64393 3.11023 3.24205 2.99799
3.81195 4.32247 4.70742 4.74010 3.88549 2.73696 2.17190 1.92768 1.86043 1.90700 2.08460 2.42789 2.83657 3.06346 2.85265
3.70441 4.18755 4.59859 4.55807 3.59758 2.56252 2.09956 1.86807 1.81216 1.82979 1.96821 2.26633 2.61041 2.81752 2.69893
3.59154 4.06028 4.45888 4.32570 3.36334 2.44170 2.04490 1.83116 1.77935 1.77907 1.88240 2.14666 2.44417 2.64859 2.57713
3.45555 3.94268 4.25590 4.09839 3.15948 2.35030 2.00289 1.81194 1.75435 1.74642 1.82058 2.04266 2.31634 2.52650 2.46439
3.36588 3.83088 4.09677 3.88133 2.99648 2.28563 1.96034 1.79906 1.72687 1.71412 1.77638 1.95681 2.20718 2.40991 2.37318
3.30942 3.71692 3.95687 3.70671 2.88138 2.24281 1.95162 1.79757 1.72194 1.69892 1.74806 1.89209 2.12403 2.29797 2.29105
3.23089 3.60143 3.82645 3.55760 2.79088 2.22649 1.95664 1.81055 1.73163 1.70151 1.73324 1.84521 2.05133 2.20739 2.22546
3.16487 3.50989 3.70954 3.44113 2.72100 2.21873 1.96938 1.83094 1.74700 1.70778 1.72393 1.81093 1.99562 2.13630 2.14902
3.10651 3.43685 3.60225 3.32731 2.67805 2.22397 1.99115 1.85599 1.76984 1.71957 1.72286 1.78422 1.94976 2.08025 2.08131
3.05154 3.36515 3.50699 3.23289 2.64382 2.23499 2.02339 1.90448 1.80556 1.74565 1.72819 1.77102 1.91661 2.04415 2.02332
2.98412 3.27825 3.41534 3.15759 2.62742 2.25852 2.07140 1.95727 1.85233 1.77461 1.73999 1.76317 1.88547 2.00859 1.98540
2.94088 3.22510 3.32399 3.10076 2.60628 2.29121 2.12123 2.01182 1.90326 1.81338 1.75520 1.76712 1.86660 1.97614 1.95190
2.88623 3.16608 3.25163 3.07255 2.61319 2.32526 2.17139 2.06810 1.95978 1.84891 1.78575 1.77799 1.85437 1.95846 1.92066
2.85232 3.12192 3.18628 3.02936 2.64403 2.37049 2.23188 2.11585 2.00771 1.89094 1.81368 1.79455 1.84085 1.93391 1.89449
2.81600 3.07981 3.12961 3.01866 2.65740 2.41618 2.27817 2.16581 2.04571 1.93239 1.84522 1.81045 1.83703 1.92297 1.86763
2.79166 3.04857 3.10593 3.00818 2.68556 2.46412 2.34263 2.23783 2.10696 1.96515 1.86751 1.82397 1.83970 1.90790 1.85088
2.75776 3.00566 3.07004 2.99371 2.72447 2.51878 2.41182 2.29791 2.17122 2.01477 1.88853 1.83560 1.84218 1.89724 1.83227
2.70642 2.96171 3.03360 2.98716 2.76804 2.59877 2.46583 2.32305 2.20998 2.06746 1.90802 1.84248 1.84326 1.88450 1.82155
2.68707 2.96579 3.03196 2.97692 2.81141 2.66610 2.52347 2.31240 2.24437 2.10305 1.94286 1.84345 1.83915 1.87122 1.80081
2.66269 2.91179 3.00514 2.97851 2.86620 2.72171 2.55331 2.30372 2.26702 2.12473 1.95757 1.84502 1.83288 1.85779 1.78367
2.63073 2.88027 2.97714 2.97455 2.89890 2.76796 2.52554 2.28465 2.23226 2.11457 1.95103 1.83884 1.81525 1.84349 1.75421
3.16113 3.40187 3.56389 3.69625 3.74755 3.72347 3.67799 3.37095 3.22083 2.92833 2.63418 2.40313 2.33274 2.32448 2.19639
4.45749 4.88012 5.19481 5.38648 5.13183 4.46141 3.55954 3.06197 2.89833 2.97927 3.28816 3.81191 4.08860 3.94925 3.53741
4.67475 4.65516 4.37395 5.03284 5.28811 5.31686 5.23650 4.92629 4.38104 3.73430 3.35602 3.38938 3.64570 4.03177 4.34694
4.51002 4.64315 4.62358 5.10779 5.05727 4.57668 4.16459 3.75771 3.38798 2.99171 2.92692 3.15142 3.49460 3.73153 3.80521
4.27349 4.50764 4.52295 5.00874 4.92063 4.47242 4.16706 3.77536 3.30249 2.85253 2.73897 2.88859 3.17652 3.39517 3.50406
4.01839 4.16340 3.99976 4.72095 4.84919 4.74806 4.65723 4.24777 3.54188 2.90922 2.62967 2.63587 2.80841 3.08340 3.35214
4.03409 4.49585 4.67548 4.88121 4.46581 3.68472 3.20731 2.82906 2.57229 2.44316 2.42760 2.65214 2.95109 3.15055 3.05950
3.34264 3.51703 3.29593 4.34249 4.75578 5.02891 5.07388 4.57061 3.55402 2.87566 2.48487 2.39415 2.41129 2.54612 2.92374
3.93106 4.45431 4.71899 4.68014 4.04634 3.18075 2.69586 2.41686 2.29615 2.24712 2.29258 2.44893 2.76373 2.96725 2.84548
3.03609 3.27381 3.14261 4.10399 4.52792 4.68928 4.64366 4.05593 3.18365 2.67976 2.41182 2.31715 2.30563 2.38370 2.58659
3.54366 3.94935 4.13156 4.33662 3.96488 3.51394 3.20579 2.84455 2.53262 2.35335 2.28705 2.32727 2.46503 2.61082 2.61943
3.03264 3.34025 3.39686 4.04008 4.12324 4.06869 3.90496 3.39071 2.84887 2.54195 2.36111 2.30996 2.33243 2.40532 2.46595
3.05291 3.37411 3.51445 3.98326 3.97140 3.85622 3.66575 3.20083 2.76445 2.50031 2.34557 2.29748 2.33068 2.39550 2.41348
3.19305 3.50812 3.68297 3.96189 3.81428 3.61252 3.40028 3.01727 2.68230 2.48682 2.33999 2.30100 2.34829 2.40970 2.39098
2.64561 2.81975 2.80421 3.69897 3.96046 4.11289 3.96575 3.45442 2.98532 2.69821 2.45558 2.34631 2.29698 2.29174 2.31243
3.35250 3.69839 3.86966 3.89414 3.61683 3.30655 3.09780 2.89790 2.64787 2.45818 2.34691 2.30143 2.34917 2.41907 2.35441
2.37398 2.47353 2.39684 3.50397 3.87570 4.13205 4.00879 3.59844 3.18433 2.92210 2.69150 2.48426 2.35361 2.27305 2.27509
3.27281 3.57913 3.72913 3.79864 3.63024 3.41281 3.21137 3.00212 2.77684 2.54970 2.39295 2.32764 2.33240 2.39121 2.29777
2.53278 2.65962 2.62782 3.47918 3.71345 3.80192 3.73710 3.49481 3.19877 2.98629 2.79931 2.61555 2.43322 2.34863 2.30188
2.94815 3.16290 3.25439 3.63330 3.67691 3.62871 3.53759 3.33000 3.08832 2.85310 2.60557 2.46758 2.38249 2.36501 2.27491
2.75479 2.90936 2.93694 3.51074 3.63504 3.67313 3.62004 3.44009 3.23487 3.03301 2.79672 2.63093 2.48325 2.38837 2.30635
2.68359 2.80931 2.81588 3.45935 3.64182 3.71046 3.69909 3.50136 3.33706 3.14578 2.91116 2.70374 2.52716 2.39752 2.29237
2.95666 3.14361 3.24845 3.56625 3.65825 3.68042 3.67068 3.42595 3.30092 3.05673 2.77749 2.56320 2.46113 2.38222 2.25980
2.41531 2.46522 2.41628 3.27871 3.53770 3.67413 3.71450 3.65915 3.57914 3.44766 3.18053 2.98732 2.77305 2.51832 2.35070
5.27032 5.76930 6.08105 6.31146 6.26479 6.01845 5.68648 5.31560 5.13081 5.15859 5.28360 5.39895 5.25960 4.97929 4.57542
5.19182 5.65621 5.96357 6.17279 6.13047 5.88980 5.50454 5.10711 4.91958 4.91928 5.05591 5.19537 5.13610 4.89497 4.46759
5.11168 5.53048 5.86954 6.07275 6.02083 5.75763 5.30244 4.89840 4.67184 4.67286 4.81232 4.99863 5.00475 4.79823 4.38788
5.01619 5.41360 5.79230 5.98242 5.90992 5.60091 5.10587 4.67231 4.44559 4.43032 4.57864 4.79464 4.86563 4.69315 4.25302
4.92479 5.31199 5.72428 5.88962 5.79646 5.41424 4.93624 4.46870 4.23995 4.20338 4.34851 4.58419 4.69395 4.56109 4.14095
4.83009 5.21397 5.59536 5.78738 5.64867 5.23007 4.77500 4.30441 4.01163 3.95167 4.12396 4.38276 4.51501 4.42867 3.97925
4.72293 5.13827 5.43364 5.68123 5.48653 5.09726 4.64095 4.15681 3.81844 3.74487 3.89508 4.19096 4.34935 4.31307 3.78873
4.62978 5.05184 5.32825 5.50754 5.33853 4.97486 4.51898 4.05556 3.69157 3.59778 3.71210 3.95380 4.17064 4.16200 3.67067
4.54699 4.95635 5.22348 5.34567 5.22248 4.87190 4.43852 3.97598 3.63265 3.50732 3.58115 3.75745 3.97041 3.92923 3.55877
4.47123 4.87256 5.13637 5.25751 5.13810 4.80146 4.40144 3.93367 3.59602 3.44608 3.48480 3.61721 3.77930 3.75543 3.45983
4.39907 4.79016 5.06598 5.16981 5.05258 4.74732 4.37765 3.93151 3.57731 3.42039 3.41372 3.50190 3.64753 3.62234 3.37188
4.32850 4.71523 4.98863 5.08768 4.97200 4.70222 4.36620 3.91718 3.58254 3.41321 3.37381 3.42122 3.54386 3.53666 3.27628
4.24804 4.64666 4.91004 4.99830 4.90041 4.66045 4.36615 3.97306 3.61459 3.42436 3.34750 3.36472 3.45790 3.46288 3.18913
4.18170 4.57261 4.82166 4.91855 4.84795 4.65482 4.39256 4.04538 3.68179 3.45983 3.33914 3.31891 3.38627 3.39309 3.11786
4.09676 4.51427 4.73794 4.83746 4.78989 4.63689 4.41558 4.12682 3.76107 3.50292 3.34593 3.30548 3.32623 3.33470 3.06436
4.04361 4.45080 4.66122 4.77293 4.74692 4.62531 4.43083 4.19091 3.84652 3.55558 3.37962 3.29366 3.29669 3.28614 3.02321
3.98557 4.40200 4.59596 4.72323 4.72318 4.62811 4.47259 4.25430 3.93910 3.61569 3.41894 3.30599 3.25051 3.23672 2.97948
3.92367 4.33972 4.54489 4.66792 4.70060 4.63129 4.51096 4.29195 4.01077 3.68970 3.45922 3.31538 3.23184 3.19759 2.93565
3.86654 4.29091 4.49116 4.62484 4.66017 4.63289 4.54020 4.35389 4.09983 3.73706 3.50091 3.32660 3.22703 3.15591 2.89781
3.81734 4.23917 4.44455 4.58755 4.64685 4.63276 4.57360 4.40663 4.16927 3.84005 3.52844 3.34915 3.22416 3.13115 2.86737
3.76304 4.16288 4.37779 4.54475 4.62260 4.64091 4.59314 4.41640 4.22497 3.93602 3.57269 3.36373 3.21940 3.10076 2.83985
3.73594 4.16826 4.37133 4.51289 4.60988 4.64435 4.63206 4.44583 4.29026 4.00545 3.62199 3.37454 3.20548 3.07460 2.80034
3.69680 4.07983 4.31438 4.47647 4.59268 4.63187 4.67885 4.48388 4.36629 4.03489 3.64067 3.38116 3.20746 3.05696 2.77970
3.66072 4.01748 4.26676 4.45428 4.57897 4.61889 4.67058 4.49874 4.37309 4.02602 3.64635 3.39066 3.19542 3.04181 2.74303
5.67496 6.09679 6.41214 6.66213 6.65906 6.55386 6.40770 6.23191 6.09061 6.04818 6.01855 5.96997 5.75862 5.40146 4.98027
5.59890 6.00620 6.30785 6.53350 6.54894 6.45810 6.29223 6.08734 5.95532 5.89530 5.87660 5.85174 5.68320 5.33657 4.89973
5.50533 5.90060 6.20506 6.43900 6.45730 6.34782 6.16653 5.94492 5.78640 5.73441 5.72660 5.72506 5.59358 5.23428 4.83259
5.40708 5.81556 6.12629 6.34777 6.34757 6.22824 6.03076 5.79099 5.62529 5.57019 5.59254 5.61837 5.48833 5.15250 4.74676
5.30390 5.73134 6.04682 6.24998 6.23896 6.09633 5.89642 5.64162 5.47973 5.35064 5.37838 5.45751 5.33435 5.06130 4.67086
5.19363 5.64635 5.94129 6.13314 6.10367 5.97203 5.77384 5.51948 5.27962 5.16171 5.17771 5.24711 5.20881 4.97640 4.55654
5.08769 5.56246 5.83885 6.02527 5.99559 5.86333 5.66528 5.38826 5.13666 5.03996 5.05562 5.12127 5.09384 4.90755 4.42896
4.99964 5.45897 5.76903 5.92175 5.89878 5.75973 5.56670 5.28373 5.04455 4.92575 4.94053 4.99568 4.98450 4.82261 4.34950
4.91414 5.33797 5.68180 5.83009 5.80131 5.66837 5.48042 5.18896 4.98363 4.84235 4.82473 4.87760 4.89136 4.71730 4.26025
4.85719 5.24458 5.59359 5.74327 5.72238 5.60161 5.42917 5.12819 4.93006 4.76351 4.71830 4.76028 4.78117 4.61176 4.17465
4.79256 5.14461 5.50960 5.65813 5.64518 5.54265 5.37064 5.09329 4.88073 4.71603 4.63546 4.64768 4.67965 4.52324 4.10284
4.74306 5.08547 5.41292 5.58432 5.56398 5.47175 5.29762 5.05425 4.85357 4.68120 4.57799 4.55651 4.59073 4.45402 4.01484
4.66896 5.03233 5.30656 5.47285 5.48722 5.39560 5.24204 5.05074 4.84487 4.66241 4.52925 4.48115 4.50252 4.39822 3.92639
4.61006 4.96906 5.20164 5.35610 5.38183 5.33219 5.21495 5.05727 4.85821 4.66268 4.50001 4.41668 4.42382 4.33159 3.83287
4.55347 4.91640 5.12675 5.24224 5.28584 5.25818 5.19143 5.05445 4.86674 4.66081 4.47221 4.37400 4.33881 4.27228 3.78052
4.50759 4.86083 5.05353 5.17400 5.22207 5.19876 5.16020 5.05387 4.87760 4.67025 4.47608 4.34072 4.30209 4.21490 3.72203
4.45813 4.80620 5.00091 5.13105 5.17721 5.17675 5.15384 5.05250 4.89264 4.67765 4.47717 4.32198 4.23161 4.15868 3.66626
4.42148 4.75166 4.94989 5.07691 5.13922 5.15866 5.15619 5.04068 4.89521 4.70093 4.48174 4.29934 4.18890 4.11014 3.61358
4.37701 4.70971 4.89648 5.03281 5.09306 5.12808 5.12401 5.04653 4.90613 4.69125 4.48323 4.28799 4.16714 4.05329 3.55420
4.33349 4.65040 4.84510 4.99428 5.07081 5.10078 5.11531 5.04397 4.91590 4.72104 4.47764 4.28586 4.14084 4.01581 3.50272
4.29817 4.58923 4.78269 4.94712 5.03861 5.07673 5.09434 5.01447 4.91637 4.74219 4.48573 4.26936 4.11512 3.94514 3.46698
4.26945 4.58793 4.77538 4.91622 5.01204 5.06032 5.10337 4.99927 4.92164 4.74086 4.48102 4.25071 4.07370 3.90289 3.41100
4.23351 4.52403 4.72441 4.87367 4.99107 5.03684 5.12544 4.99814 4.94147 4.72045 4.46466 4.22468 4.05876 3.83580 3.38145
4.19038 4.47389 4.67477 4.84248 4.96744 5.01219 5.09763 4.97831 4.91334 4.66839 4.43657 4.21364 4.02441 3.78621 3.33375
6.00127 6.39810 6.78915 7.07849 7.08125 7.01019 6.95354 6.86431 6.65365 6.52317 6.42386 6.32687 6.09819 5.78152 5.40413
5.93804 6.31674 6.65336 6.95577 6.97361 6.93154 6.87337 6.72014 6.53646 6.41661 6.31115 6.22837 6.01816 5.73642 5.32703
5.84836 6.21071 6.53341 6.85193 6.88478 6.82875 6.74104 6.55852 6.41527 6.29279 6.18682 6.11545 5.93908 5.67319 5.25757
5.76009 6.12225 6.44380 6.73463 6.74846 6.64566 6.55699 6.43083 6.29276 6.16414 6.07325 6.00957 5.86801 5.60824 5.17360
5.68390 6.03623 6.36120 6.57608 6.56493 6.50627 6.43540 6.30492 6.17522 6.03871 5.94569 5.90148 5.78733 5.53853 5.09877
5.59472 5.95086 6.25877 6.45395 6.44769 6.39913 6.33212 6.19040 6.06379 5.93801 5.84708 5.80033 5.70461 5.46970 4.99670
5.49553 5.87358 6.15340 6.34953 6.34595 6.28827 6.22285 6.09780 5.96703 5.84561 5.75282 5.71140 5.61966 5.40680 4.89426
5.39693 5.78805 6.06693 6.23761 6.23897 6.18292 6.12482 6.02447 5.89444 5.76140 5.67234 5.61052 5.53717 5.32568 4.83533
5.30331 5.70301 5.97297 6.13331 6.13414 6.08687 6.04583 5.94434 5.82844 5.69295 5.58521 5.52855 5.46618 5.21918 4.77159
5.24480 5.64409 5.88878 6.04042 6.04781 6.01171 5.98339 5.89392 5.77047 5.61687 5.50706 5.44123 5.37127 5.10250 4.71389
5.16497 5.56593 5.82249 5.94955 5.96192 5.94200 5.92524 5.83540 5.70701 5.55552 5.43797 5.33460 5.26245 5.03599 4.65283
5.10471 5.51464 5.75733 5.87524 5.88304 5.87391 5.86203 5.77292 5.65109 5.50992 5.38619 5.20873 5.13408 4.97676 4.58136
5.03207 5.46270 5.68594 5.79148 5.81518 5.81847 5.80590 5.73504 5.61191 5.47393 5.30698 5.10912 5.04913 4.93012 4.52313
4.97449 5.39759 5.61355 5.72419 5.74903 5.76122 5.75871 5.70026 5.57865 5.44456 5.23318 5.03802 4.98117 4.87496 4.44985
4.93248 5.32898 5.55338 5.65433 5.69010 5.71159 5.71311 5.65590 5.55290 5.41315 5.17455 4.99519 4.91020 4.82437 4.40844
4.88337 5.26227 5.48342 5.59381 5.64578 5.65938 5.66290 5.62600 5.52613 5.38904 5.14083 4.96010 4.86480 4.77644 4.36492
4.83998 5.19189 5.43440 5.55178 5.60815 5.62147 5.63434 5.59044 5.50518 5.36547 5.10936 4.92616 4.80219 4.71445 4.31727
4.80545 5.12359 5.37979 5.50091 5.55852 5.58878 5.60795 5.55602 5.47548 5.35520 5.08195 4.88743 4.75701 4.65840 4.27906
4.77128 5.07689 5.31101 5.45899 5.51859 5.55122 5.57114 5.53870 5.45460 5.30166 5.05581 4.86736 4.72708 4.61072 4.23445
4.72160 5.01319 5.24779 5.42032 5.49107 5.52866 5.55066 5.51344 5.44256 5.28809 5.02728 4.84452 4.68271 4.55927 4.18538
4.69499 4.95816 5.16189 5.38132 5.46306 5.49842 5.51927 5.46873 5.41801 5.27985 5.00259 4.80876 4.64913 4.50070 4.14392
4.66670 4.95526 5.14874 5.34623 5.43848 5.46833 5.50924 5.44281 5.39943 5.23469 4.97587 4.77599 4.59850 4.46024 4.07796
4.62786 4.89337 5.07607 5.28642 5.41575 5.43691 5.51222 5.42394 5.39573 5.17538 4.93455 4.74081 4.56634 4.40530 4.02271
4.58029 4.85052 5.01889 5.24891 5.38482 5.41197 5.47182 5.39694 5.35168 5.05380 4.88385 4.70803 4.52371 4.36130 3.95670
