2.14403 2.25894 2.10246 1.72746 1.11969 0.61974 0.36967 0.37755 0.64879 1.26648 2.01100 2.67378 2.86911 2.76507 2.55204
2.01388 2.04889 1.85707 1.39172 0.72161 0.28173 0.09651 0.10199 0.29823 0.88622 1.67718 2.41041 2.70296 2.66152 2.46539
1.94855 1.93655 1.68303 1.13997 0.49981 0.16756 0.08226 0.07837 0.16244 0.64193 1.44651 2.20440 2.58863 2.59593 2.42513
1.87123 1.81027 1.49835 0.91682 0.34729 0.11357 0.09197 0.09893 0.10708 0.48110 1.23490 2.01611 2.47917 2.53323 2.37435
1.78625 1.68167 1.31266 0.73315 0.24025 0.09533 0.09307 0.12520 0.10418 0.36862 1.04878 1.85148 2.36239 2.46734 2.32477
1.69591 1.55162 1.14627 0.58678 0.16688 0.09286 0.08927 0.13044 0.10033 0.29317 0.89511 1.70618 2.22676 2.39267 2.27763
1.59815 1.42941 0.98326 0.47457 0.12882 0.07935 0.08863 0.11756 0.09045 0.23677 0.75695 1.57487 2.10709 2.34063 2.22550
1.50528 1.30138 0.84065 0.39349 0.10859 0.07607 0.11596 0.11065 0.07664 0.19298 0.65765 1.45008 1.98265 2.25820 2.15429
1.41415 1.17848 0.74112 0.33159 0.09708 0.07999 0.10618 0.09401 0.07343 0.16887 0.58695 1.33651 1.88197 2.15624 2.09440
1.32836 1.06349 0.65448 0.28754 0.10242 0.07278 0.08536 0.07572 0.07361 0.17038 0.54231 1.24124 1.79973 2.06363 2.04775
1.23891 0.96386 0.59015 0.26019 0.11076 0.06689 0.06956 0.06789 0.08980 0.18484 0.51858 1.16019 1.72343 1.99000 1.99896
1.14977 0.88468 0.54953 0.23666 0.11651 0.06881 0.06992 0.08076 0.11660 0.20530 0.50808 1.09458 1.65625 1.94131 1.95617
1.05801 0.81161 0.51096 0.22262 0.12576 0.08513 0.09515 0.12888 0.17555 0.26050 0.51486 1.05208 1.60436 1.89352 1.92564
0.98528 0.74520 0.47210 0.21664 0.13570 0.11825 0.15359 0.19165 0.23457 0.31106 0.52735 1.01630 1.54714 1.84900 1.89110
0.91609 0.69070 0.44680 0.21640 0.15909 0.15245 0.21892 0.27401 0.30452 0.35456 0.54015 0.99859 1.50273 1.80453 1.86120
0.86314 0.66086 0.41723 0.22176 0.17581 0.18846 0.26325 0.32829 0.37275 0.41856 0.58056 0.99828 1.46342 1.76469 1.83029
0.82184 0.62643 0.38754 0.24289 0.22351 0.22721 0.31076 0.36797 0.42413 0.46883 0.62758 1.01060 1.43014 1.72573 1.79148
0.77473 0.59896 0.36513 0.26717 0.24721 0.26081 0.32512 0.39255 0.45034 0.52267 0.66842 1.01703 1.40633 1.70064 1.76482
0.71813 0.56800 0.34757 0.25905 0.23607 0.25539 0.35711 0.47362 0.50659 0.55974 0.70578 1.03392 1.39169 1.66798 1.73927
0.67146 0.53020 0.32265 0.23873 0.21012 0.27174 0.41615 0.51602 0.57639 0.60511 0.73466 1.04093 1.38611 1.64978 1.71152
0.60964 0.48063 0.29638 0.20951 0.17776 0.29266 0.41738 0.50148 0.59055 0.66246 0.76190 1.05527 1.37750 1.62359 1.68430
0.55132 0.40524 0.24616 0.15586 0.15057 0.28006 0.41357 0.43351 0.61218 0.68830 0.80708 1.06633 1.37576 1.60591 1.66408
0.47736 0.34408 0.17573 0.09081 0.11764 0.22926 0.46404 0.41974 0.69043 0.69512 0.83625 1.07664 1.37479 1.58955 1.64505
0.39245 0.25343 0.10132 0.08652 0.10417 0.14648 0.39636 0.37663 0.66952 0.67184 0.83099 1.08613 1.37360 1.58492 1.63177
2.56211 2.71467 2.70456 2.50501 2.05796 1.70605 1.51691 1.52978 1.75719 2.22890 2.83271 3.31448 3.36538 3.18466 2.91507
2.47907 2.58954 2.52833 2.25065 1.77579 1.45968 1.27532 1.28796 1.50304 1.94847 2.56939 3.09787 3.22403 3.09710 2.84131
2.42393 2.49836 2.40154 2.04859 1.61580 1.32681 1.15907 1.16593 1.35399 1.75866 2.37300 2.93315 3.12373 3.03312 2.79841
2.35663 2.40235 2.26091 1.87471 1.47587 1.22955 1.08785 1.08029 1.24685 1.62579 2.19413 2.78039 3.02576 2.96426 2.75319
2.28711 2.30456 2.11243 1.73349 1.36476 1.16083 1.04567 1.02195 1.20028 1.51773 2.04456 2.64701 2.93025 2.90203 2.71020
2.21074 2.20961 1.96846 1.62073 1.27658 1.12176 1.02123 0.99380 1.16551 1.43506 1.91918 2.52287 2.82572 2.83407 2.67112
2.12695 2.10470 1.84792 1.52132 1.21670 1.07426 1.00150 0.98521 1.13319 1.36609 1.81121 2.41366 2.73280 2.78467 2.62404
2.04073 1.99247 1.75067 1.43842 1.17494 1.03557 0.96599 0.98182 1.07877 1.30674 1.72487 2.30732 2.64351 2.71657 2.57457
1.95244 1.89218 1.67840 1.37469 1.14623 1.01582 0.96847 0.99055 1.07484 1.26928 1.66024 2.21550 2.56282 2.65326 2.53247
1.88538 1.81127 1.60953 1.32728 1.13881 1.02016 0.98815 1.01236 1.08762 1.25681 1.61755 2.12962 2.49458 2.59794 2.50149
1.82120 1.74617 1.55243 1.29315 1.13543 1.03469 1.01641 1.03992 1.11326 1.25930 1.58343 2.06079 2.43475 2.54349 2.46421
1.75935 1.69644 1.51150 1.26677 1.13592 1.05575 1.04843 1.07623 1.14048 1.26681 1.56466 2.00832 2.37919 2.50343 2.42662
1.70118 1.65581 1.47332 1.24844 1.14225 1.08593 1.09168 1.12521 1.18584 1.29943 1.55621 1.96574 2.33793 2.46010 2.39922
1.65843 1.60871 1.44014 1.23984 1.15024 1.12475 1.14722 1.18201 1.23325 1.33365 1.55733 1.92978 2.29333 2.42457 2.36906
1.61620 1.57095 1.41841 1.24044 1.17294 1.15926 1.20519 1.24973 1.28760 1.36422 1.55709 1.90567 2.25541 2.38992 2.34615
1.58473 1.55140 1.39624 1.24570 1.19117 1.19582 1.24869 1.29806 1.34334 1.40987 1.57957 1.89451 2.22454 2.36013 2.32066
1.56264 1.52708 1.37778 1.26489 1.23258 1.23601 1.29419 1.33914 1.38899 1.44891 1.60508 1.89339 2.19226 2.32439 2.28950
1.53908 1.50913 1.36722 1.28919 1.26390 1.27270 1.31892 1.36962 1.42031 1.49053 1.62889 1.89040 2.17280 2.30278 2.26440
1.50688 1.49191 1.36089 1.29071 1.26854 1.28466 1.35471 1.43298 1.46938 1.52642 1.65388 1.89893 2.16429 2.27928 2.24247
1.48143 1.47088 1.34944 1.28893 1.26768 1.31305 1.40677 1.47434 1.52422 1.56645 1.67675 1.90458 2.15659 2.26296 2.21632
1.45009 1.44817 1.34403 1.28421 1.26574 1.34667 1.42990 1.48474 1.55259 1.61125 1.69999 1.91959 2.14577 2.24355 2.19296
1.42210 1.41487 1.32487 1.26618 1.26682 1.35856 1.45049 1.47555 1.58409 1.64454 1.73035 1.92910 2.14390 2.22908 2.17464
1.38119 1.38727 1.29417 1.23138 1.26230 1.34990 1.49636 1.49396 1.64822 1.66932 1.75514 1.94266 2.14225 2.21593 2.15777
1.33428 1.34276 1.24555 1.19405 1.22028 1.31443 1.48403 1.49596 1.66046 1.67922 1.77133 1.96250 2.14204 2.20766 2.14884
2.90855 3.14586 3.26185 3.20379 2.85200 2.54374 2.36688 2.37993 2.60650 3.06766 3.67541 4.05273 3.94843 3.67422 3.27884
2.84818 3.06037 3.13409 2.99864 2.62207 2.33701 2.17414 2.18474 2.38518 2.82446 3.42013 3.86399 3.82214 3.58441 3.22057
2.80064 2.98618 3.02828 2.82099 2.45804 2.20270 2.02896 2.03640 2.23841 2.63004 3.20486 3.70921 3.73021 3.49744 3.17667
2.74347 2.90933 2.90836 2.66775 2.32046 2.08776 1.90384 1.90497 2.12542 2.48390 3.01823 3.54691 3.62962 3.40414 3.13468
2.68340 2.82692 2.79546 2.52460 2.21087 1.98069 1.82654 1.81950 2.04315 2.37070 2.86999 3.38108 3.53357 3.32630 3.08447
2.62034 2.75216 2.68081 2.41063 2.11552 1.90182 1.78048 1.77711 1.98118 2.28084 2.74483 3.23949 3.39840 3.26653 3.04484
2.56024 2.67595 2.58037 2.31261 2.04173 1.83046 1.74513 1.74821 1.92020 2.21148 2.63434 3.12875 3.29084 3.21444 2.99210
2.50799 2.60685 2.48705 2.22956 1.97720 1.77666 1.70945 1.72967 1.85304 2.14691 2.54220 3.02517 3.21446 3.15641 2.94228
2.45360 2.53571 2.41085 2.16598 1.92041 1.74639 1.69761 1.72287 1.83443 2.10123 2.46448 2.93406 3.14468 3.10199 2.89601
2.41054 2.47028 2.34044 2.11528 1.89068 1.73851 1.70198 1.72772 1.83170 2.07694 2.41570 2.85023 3.07401 3.04767 2.86752
2.36184 2.40793 2.28633 2.07148 1.87091 1.74150 1.71399 1.74050 1.84525 2.07020 2.36837 2.78799 3.02057 2.99797 2.83360
2.31189 2.36280 2.24026 2.03850 1.85933 1.74994 1.73341 1.76499 1.86715 2.06194 2.34192 2.72934 2.95943 2.96735 2.79847
2.26507 2.32561 2.19862 2.01003 1.85662 1.77097 1.76331 1.80544 1.91197 2.07548 2.32049 2.68339 2.91323 2.91927 2.76726
2.23080 2.28126 2.16526 1.99481 1.86302 1.80231 1.81606 1.86916 1.96519 2.09383 2.31055 2.64359 2.86537 2.88315 2.73484
2.19812 2.24708 2.14507 1.99188 1.89032 1.84125 1.88515 1.94674 2.01564 2.11513 2.30336 2.61202 2.82605 2.85116 2.71173
2.17239 2.22652 2.12165 1.99446 1.91152 1.89317 1.94334 2.00081 2.06081 2.14487 2.31192 2.59465 2.79381 2.82130 2.68526
2.15580 2.20356 2.10480 2.00949 1.96016 1.94753 1.99607 2.03824 2.09704 2.17297 2.32459 2.57731 2.75284 2.78457 2.66043
2.13620 2.18860 2.09562 2.02744 1.99142 1.99014 2.02581 2.06801 2.12311 2.20297 2.33638 2.56560 2.72561 2.76032 2.63224
2.11462 2.17351 2.09165 2.03001 2.00227 2.01107 2.05855 2.11615 2.16076 2.23168 2.35372 2.56590 2.71349 2.73475 2.61360
2.09350 2.15783 2.08350 2.03591 2.01339 2.04345 2.10188 2.15423 2.20370 2.26475 2.37061 2.55914 2.69855 2.71331 2.58576
2.07442 2.14229 2.08335 2.04085 2.02390 2.07619 2.13043 2.17129 2.23300 2.30241 2.39148 2.56529 2.68385 2.69053 2.56389
2.06105 2.13000 2.07886 2.04121 2.03845 2.09959 2.15784 2.17705 2.26520 2.33277 2.41894 2.55980 2.67482 2.67609 2.54374
2.03545 2.11723 2.07021 2.03345 2.05234 2.11201 2.19831 2.20108 2.32204 2.36036 2.44239 2.56378 2.66366 2.65985 2.52745
2.00841 2.09730 2.05293 2.02544 2.05124 2.11269 2.20704 2.21986 2.34253 2.38161 2.46055 2.56969 2.65521 2.64304 2.51644
3.29608 3.63967 3.85132 3.94663 3.72133 3.49707 3.29822 3.33131 3.60759 4.06142 4.59899 4.84849 4.55202 4.16246 3.74675
3.24911 3.58404 3.76277 3.78517 3.54321 3.27337 3.04472 3.07722 3.38854 3.82929 4.35730 4.63298 4.41439 4.08370 3.70685
3.20363 3.52775 3.68399 3.63555 3.36795 3.05822 2.88399 2.90339 3.15893 3.62480 4.13259 4.46647 4.29555 3.98407 3.64894
3.15131 3.46425 3.58774 3.50085 3.16728 2.90311 2.74658 2.76388 2.98822 3.45736 3.93780 4.28846 4.17703 3.90623 3.59980
3.10109 3.39463 3.50209 3.35408 3.00331 2.78300 2.64452 2.65301 2.87388 3.30195 3.77998 4.14033 4.07800 3.82695 3.53304
3.03972 3.32526 3.41091 3.20355 2.87828 2.67950 2.56345 2.58205 2.78936 3.16688 3.64347 4.00803 3.96779 3.76292 3.48868
2.99326 3.25686 3.31213 3.06258 2.78696 2.60157 2.50596 2.52693 2.71414 3.04995 3.53350 3.88982 3.87826 3.70797 3.42609
2.94969 3.17984 3.19228 2.95140 2.71136 2.53275 2.45405 2.48714 2.64172 2.95029 3.42799 3.76986 3.80551 3.64590 3.36359
2.90613 3.10367 3.09478 2.86784 2.65260 2.48793 2.42614 2.46327 2.60632 2.88021 3.32923 3.68313 3.73172 3.59008 3.30654
2.87609 3.04115 3.00104 2.79772 2.61298 2.46329 2.41421 2.45086 2.58597 2.83501 3.25963 3.60568 3.66917 3.53921 3.26570
2.83170 2.98663 2.93928 2.74071 2.58121 2.45383 2.41358 2.45221 2.57908 2.80734 3.18909 3.54925 3.61405 3.49521 3.23270
2.78624 2.94160 2.88083 2.69328 2.55759 2.44846 2.41855 2.46304 2.57935 2.78435 3.13998 3.48356 3.55717 3.46479 3.18299
2.74303 2.90077 2.83142 2.65950 2.54096 2.45487 2.43613 2.48458 2.59476 2.77960 3.09455 3.43325 3.51163 3.42129 3.14415
2.71342 2.85326 2.78692 2.63494 2.53498 2.46970 2.46947 2.51436 2.61507 2.77974 3.05626 3.39431 3.46810 3.37648 3.11223
2.68799 2.81740 2.75993 2.62314 2.53991 2.48763 2.50515 2.55383 2.64726 2.79419 3.03440 3.35173 3.42602 3.34634 3.09076
2.66285 2.79663 2.72623 2.61777 2.54447 2.51322 2.53575 2.58786 2.67833 2.81505 3.03024 3.32485 3.39113 3.31777 3.05993
2.65144 2.76933 2.70508 2.62489 2.56944 2.54556 2.57465 2.62163 2.71288 2.83392 3.02473 3.29582 3.34917 3.27054 3.02973
2.63443 2.75232 2.68818 2.63401 2.58980 2.57870 2.60206 2.65387 2.74075 2.85836 3.03596 3.27212 3.31808 3.23917 2.99823
2.61629 2.73456 2.68111 2.63423 2.59997 2.59922 2.63827 2.70635 2.78010 2.88769 3.04932 3.26239 3.29842 3.20349 2.97441
2.59888 2.71386 2.67405 2.64335 2.61367 2.63306 2.68711 2.75238 2.82600 2.92326 3.05979 3.24333 3.27785 3.17275 2.95388
2.58496 2.69364 2.67236 2.65108 2.63137 2.67187 2.72505 2.77827 2.85842 2.96438 3.07809 3.23279 3.25729 3.14541 2.93012
2.57589 2.68700 2.67142 2.65663 2.65124 2.70498 2.76199 2.79462 2.89960 3.00279 3.10805 3.22151 3.23989 3.11366 2.90348
2.55500 2.67352 2.66768 2.65883 2.67263 2.73078 2.81264 2.82967 2.97424 3.03759 3.12971 3.20763 3.21247 3.09185 2.88928
2.53112 2.65951 2.65833 2.66250 2.68838 2.74664 2.83746 2.85961 3.01243 3.06473 3.14069 3.20623 3.19991 3.05292 2.87506
3.67669 4.02807 4.37029 4.58905 4.36982 4.14152 3.96094 4.00889 4.35333 4.92950 5.28945 5.37977 5.15782 4.74803 4.20988
3.64354 3.96803 4.27299 4.39392 4.16139 3.92587 3.74476 3.78720 4.09294 4.67024 5.12495 5.25863 5.04757 4.66563 4.14845
3.59811 3.90099 4.17373 4.21042 3.96871 3.73738 3.57889 3.60146 3.85367 4.35258 4.92664 5.12026 4.92919 4.52582 4.05644
3.54684 3.83226 4.06170 4.03093 3.78746 3.58018 3.43228 3.45317 3.68267 4.13170 4.71109 4.97911 4.79943 4.41475 3.97702
3.49179 3.77076 3.94599 3.87936 3.64350 3.45616 3.31471 3.32773 3.56237 3.95688 4.49357 4.85318 4.67970 4.29554 3.91273
3.43527 3.72122 3.85366 3.75425 3.52386 3.33971 3.21243 3.23776 3.46440 3.81845 4.29278 4.70520 4.53045 4.20052 3.85112
3.38824 3.67211 3.77171 3.64198 3.43175 3.24255 3.12030 3.15772 3.37239 3.70104 4.14287 4.50251 4.40109 4.12968 3.78303
3.34887 3.61967 3.68676 3.54265 3.35046 3.15219 3.02583 3.09036 3.28980 3.59971 4.00578 4.35372 4.30697 4.04207 3.72085
3.30904 3.57075 3.62156 3.46751 3.27757 3.07428 2.96726 3.04417 3.24103 3.52077 3.89686 4.23210 4.19677 3.96720 3.66584
3.27856 3.52192 3.54635 3.39125 3.22660 3.02663 2.94250 3.01873 3.21458 3.46875 3.81714 4.12532 4.11483 3.89566 3.62582
3.23463 3.47550 3.47709 3.32655 3.18107 2.99965 2.93508 3.01704 3.19979 3.43323 3.74887 4.03855 4.02793 3.84804 3.59186
3.19326 3.43154 3.42811 3.27508 3.14329 2.98405 2.94086 3.03399 3.20060 3.40620 3.69121 3.95711 3.96143 3.80775 3.56529
3.15511 3.39418 3.37286 3.23399 3.11708 2.99449 2.97301 3.06693 3.21180 3.39416 3.64775 3.89037 3.90842 3.76052 3.52452
3.11585 3.35290 3.31930 3.20505 3.10630 3.00968 3.03088 3.10731 3.22740 3.38877 3.60835 3.83194 3.84731 3.71828 3.48879
3.09164 3.30685 3.28667 3.18968 3.10347 3.03959 3.07755 3.15012 3.25612 3.40087 3.58230 3.78407 3.80232 3.67940 3.46633
3.07524 3.28991 3.25850 3.17836 3.10618 3.07452 3.11433 3.18494 3.28467 3.40769 3.56773 3.74768 3.75334 3.65178 3.43907
3.06167 3.26166 3.22922 3.17667 3.13040 3.11385 3.16056 3.22063 3.31530 3.42105 3.56199 3.70896 3.70554 3.61341 3.41408
3.04356 3.24216 3.21103 3.18029 3.14841 3.15066 3.18731 3.25227 3.33911 3.43673 3.55718 3.68410 3.66433 3.58865 3.38488
3.03089 3.22154 3.20029 3.17769 3.15657 3.17030 3.22219 3.30074 3.37242 3.45637 3.55814 3.66210 3.64680 3.55755 3.36072
3.01305 3.20085 3.19107 3.18194 3.17130 3.20149 3.27080 3.33775 3.41105 3.48102 3.55426 3.64366 3.61728 3.53005 3.33798
2.99805 3.18222 3.18741 3.18943 3.18875 3.23910 3.30264 3.35623 3.43073 3.49997 3.55101 3.62999 3.59870 3.50830 3.31354
2.99066 3.17693 3.18127 3.19213 3.20607 3.27078 3.33229 3.36110 3.45798 3.51614 3.56208 3.60669 3.58243 3.48300 3.28903
2.96715 3.15288 3.17836 3.19175 3.22451 3.29397 3.37304 3.38373 3.49532 3.52634 3.56269 3.59174 3.56109 3.45623 3.26996
2.94088 3.13841 3.16651 3.19597 3.23829 3.30766 3.38605 3.39759 3.50534 3.52915 3.55881 3.58218 3.54745 3.44238 3.25418
4.00630 4.45970 4.88579 5.14857 5.12890 5.11192 5.04882 5.13678 5.37167 5.59844 5.73892 5.74625 5.52320 5.16055 4.67028
3.97881 4.39302 4.82303 5.03027 4.99123 4.94502 4.84878 4.92979 5.19199 5.46803 5.62191 5.64499 5.42724 5.09758 4.60654
3.92074 4.30688 4.73125 4.89972 4.83819 4.75173 4.65232 4.71768 4.97634 5.27520 5.48530 5.53032 5.31860 4.99432 4.48376
3.86447 4.22773 4.62630 4.74979 4.65202 4.53088 4.40423 4.50597 4.79292 5.11200 5.34635 5.40928 5.20510 4.90208 4.38426
3.80788 4.15791 4.48587 4.57124 4.42189 4.31384 4.22519 4.29328 4.63501 4.95968 5.20206 5.30143 5.11793 4.78111 4.29557
3.74868 4.10828 4.36758 4.38647 4.25076 4.15772 4.09644 4.16254 4.46951 4.81261 5.06558 5.19666 5.01458 4.66822 4.21641
3.70788 4.05792 4.27257 4.24837 4.13753 4.03769 3.99026 4.05749 4.30479 4.67307 4.93688 5.07905 4.90843 4.58280 4.12893
3.67551 4.00300 4.18072 4.12698 4.04320 3.94475 3.90882 3.98517 4.18063 4.50255 4.80609 4.96432 4.82204 4.46526 4.05185
3.64130 3.95150 4.11020 4.04357 3.95964 3.87025 3.85347 3.92864 4.10078 4.34866 4.67822 4.85537 4.70400 4.35451 3.97947
3.61493 3.90038 4.01887 3.95973 3.89997 3.82484 3.81826 3.89236 4.04894 4.25919 4.55469 4.75601 4.60756 4.26513 3.92822
3.57871 3.85022 3.94324 3.88969 3.84706 3.79194 3.79505 3.86579 4.01208 4.19991 4.43103 4.65487 4.48376 4.19970 3.88433
3.53743 3.80991 3.89036 3.82416 3.79997 3.76774 3.77529 3.85359 3.98934 4.14930 4.33096 4.53422 4.38280 4.14235 3.84712
3.50587 3.77121 3.82933 3.77755 3.77244 3.75501 3.77309 3.85185 3.97528 4.10861 4.25971 4.38958 4.30460 4.09451 3.80109
3.47749 3.72827 3.76762 3.74190 3.75105 3.74085 3.78411 3.85321 3.96419 4.08519 4.19988 4.31491 4.23483 4.04409 3.76209
3.45789 3.68512 3.73110 3.71720 3.73405 3.73768 3.79370 3.86702 3.96663 4.06531 4.14887 4.24819 4.17055 3.99634 3.73722
3.44266 3.66848 3.69608 3.69923 3.72523 3.74706 3.80204 3.87370 3.96657 4.05056 4.12108 4.19408 4.11551 3.96180 3.70654
3.43127 3.64023 3.66173 3.68932 3.72604 3.75763 3.82218 3.88990 3.97302 4.04130 4.09102 4.13204 4.05370 3.91473 3.67766
3.41480 3.62026 3.64132 3.68418 3.72562 3.77703 3.82766 3.89977 3.97150 4.02828 4.06891 4.09501 4.00449 3.88537 3.64784
3.40321 3.59867 3.62600 3.67522 3.72524 3.78025 3.84443 3.92240 3.98307 4.02714 4.04875 4.06689 3.98061 3.84372 3.61974
3.38677 3.57178 3.61367 3.67535 3.73043 3.79144 3.87268 3.94141 4.00081 4.02555 4.02528 4.03775 3.94530 3.80836 3.59880
3.37208 3.54917 3.60410 3.67209 3.73305 3.80943 3.88414 3.94181 3.99514 4.02033 4.00188 4.00747 3.91603 3.77813 3.57542
3.36744 3.54588 3.59292 3.66845 3.73694 3.82118 3.89900 3.93212 4.00175 4.01200 3.99171 3.96923 3.89415 3.75017 3.55365
3.34650 3.51826 3.59016 3.66309 3.74046 3.83546 3.92895 3.93953 4.02443 4.00031 3.97798 3.94098 3.86134 3.72057 3.53498
3.32375 3.50296 3.57379 3.65857 3.74473 3.83642 3.93375 3.94354 4.02014 3.98350 3.95511 3.92370 3.84612 3.70526 3.52077
4.34909 4.85231 5.20688 5.49204 5.55257 5.64681 5.70917 5.85590 5.99311 6.06942 6.11942 6.09227 5.84804 5.45685 5.01316
4.31181 4.80179 5.15070 5.39650 5.45120 5.54626 5.57230 5.66282 5.85850 5.97988 6.02092 6.00136 5.72543 5.39630 4.95715
4.23281 4.72500 5.07503 5.28715 5.33885 5.41576 5.44269 5.51841 5.65704 5.79507 5.89671 5.88009 5.60442 5.29307 4.85511
4.16189 4.63624 4.98954 5.15740 5.20779 5.28723 5.31476 5.39112 5.53156 5.64229 5.71803 5.72342 5.50685 5.20330 4.77205
4.09565 4.55519 4.90144 5.03504 5.07988 5.16333 5.19202 5.27088 5.42389 5.53495 5.59042 5.60625 5.42224 5.09529 4.68221
4.02961 4.49545 4.82410 4.92514 4.96003 5.02986 5.05755 5.15307 5.31689 5.42185 5.48751 5.51898 5.32609 5.00506 4.59445
3.98582 4.43084 4.74296 4.81389 4.85757 4.90053 4.93864 5.03100 5.19724 5.31771 5.37592 5.41772 5.22494 4.92926 4.48548
3.95484 4.36437 4.65703 4.70478 4.76638 4.79486 4.82773 4.93510 5.07930 5.18877 5.26248 5.30948 5.12897 4.84116 4.38838
3.91959 4.28632 4.58733 4.62151 4.67974 4.69554 4.74418 4.84945 4.98803 5.07903 5.14866 5.20515 5.02867 4.74929 4.29426
3.89351 4.22418 4.47870 4.52411 4.60612 4.62312 4.66814 4.77596 4.90877 4.99031 5.05314 5.11024 4.94551 4.67043 4.22640
3.86060 4.15986 4.35896 4.43301 4.53269 4.55504 4.61618 4.70798 4.83996 4.90739 4.96181 5.01201 4.85872 4.59286 4.15609
3.82044 4.11820 4.27159 4.31643 4.45944 4.51070 4.56828 4.66065 4.77537 4.83457 4.87329 4.92568 4.79071 4.50549 4.11072
3.78941 4.08415 4.19357 4.23393 4.39011 4.46018 4.53196 4.62806 4.72977 4.77047 4.79299 4.82840 4.71263 4.44580 4.05996
3.76264 4.04033 4.13198 4.18425 4.33554 4.41629 4.51112 4.59102 4.68379 4.72345 4.72468 4.76158 4.63773 4.37400 4.01788
3.74394 3.99395 4.09004 4.14197 4.27745 4.36712 4.48663 4.57050 4.64297 4.66910 4.64807 4.68705 4.56474 4.29969 3.99052
3.72998 3.97505 4.04887 4.11854 4.23287 4.34446 4.46375 4.53610 4.60528 4.62192 4.60993 4.62268 4.49394 4.24218 3.95917
3.71878 3.94255 4.00926 4.09699 4.20467 4.32070 4.44513 4.51878 4.57785 4.59165 4.56159 4.54810 4.41857 4.17438 3.92947
3.70355 3.92181 3.98173 4.08303 4.17845 4.31444 4.41670 4.49054 4.54458 4.54782 4.51631 4.50001 4.32931 4.14323 3.89864
3.69176 3.89525 3.96096 4.06562 4.15844 4.28937 4.40344 4.48130 4.52623 4.51990 4.48526 4.45899 4.28401 4.09968 3.86623
3.67586 3.86575 3.94230 4.05467 4.14480 4.27185 4.39977 4.47073 4.51578 4.49911 4.44228 4.41441 4.23192 4.06657 3.84228
3.66379 3.83800 3.92723 4.03716 4.12376 4.26265 4.38665 4.44530 4.48059 4.47171 4.40268 4.37130 4.18633 4.03262 3.81525
3.66101 3.83817 3.91092 4.02238 4.11411 4.24868 4.37718 4.40794 4.45971 4.44180 4.37085 4.29802 4.15808 4.00552 3.79598
3.63691 3.80970 3.90561 4.00953 4.09978 4.24035 4.38249 4.38828 4.46123 4.40866 4.34411 4.23597 4.12151 3.97211 3.77200
3.61038 3.79171 3.88368 3.99240 4.08515 4.20543 4.36358 4.37573 4.44124 4.37114 4.29263 4.19762 4.10102 3.95275 3.75537
4.71364 5.15212 5.49021 5.84057 5.93105 6.06304 6.15328 6.24771 6.32642 6.35179 6.37521 6.33046 6.10800 5.76171 5.29827
4.67414 5.09969 5.43393 5.72246 5.84014 5.97704 6.04738 6.13116 6.22248 6.26487 6.27487 6.23706 6.02455 5.69302 5.24113
4.59916 5.02054 5.36734 5.57636 5.70425 5.87946 5.94968 6.02223 6.10278 6.14449 6.16582 6.13651 5.93061 5.56192 5.14045
4.52671 4.93626 5.28729 5.46485 5.56199 5.76628 5.85118 5.92308 6.00188 6.04019 6.05395 6.03528 5.82639 5.46522 5.05892
4.44935 4.86567 5.20412 5.36215 5.45267 5.60241 5.72752 5.82999 5.91706 5.94633 5.95092 5.94542 5.71648 5.36574 4.97634
4.36968 4.81002 5.12655 5.26407 5.35624 5.48822 5.56442 5.68640 5.82661 5.84987 5.85493 5.85943 5.60172 5.28810 4.89118
4.31434 4.76445 5.04275 5.16118 5.27366 5.38407 5.46114 5.54232 5.67957 5.73482 5.72903 5.75344 5.49554 5.21245 4.79905
4.28084 4.70692 4.96626 5.05850 5.18831 5.27966 5.35514 5.44828 5.52997 5.55680 5.56349 5.59798 5.40264 5.12669 4.71493
4.24436 4.64862 4.89227 4.97037 5.10077 5.18275 5.26334 5.36373 5.44216 5.45843 5.46582 5.48246 5.31425 5.02774 4.62227
4.20948 4.59897 4.79703 4.87208 5.02362 5.09821 5.17331 5.27257 5.36093 5.37269 5.37560 5.39722 5.23292 4.94796 4.56135
4.17201 4.54483 4.72152 4.79629 4.94350 5.01505 5.10158 5.18235 5.27509 5.28659 5.28022 5.30467 5.14382 4.87534 4.50540
4.11840 4.50001 4.65956 4.71903 4.87069 4.95238 5.03646 5.11968 5.19341 5.20731 5.19237 5.21490 5.08022 4.80526 4.45654
4.07429 4.45982 4.59712 4.65663 4.79882 4.88413 4.97341 5.06064 5.13734 5.12947 5.10814 5.12570 4.99640 4.74808 4.39983
4.04862 4.41003 4.52198 4.61465 4.75118 4.82753 4.92709 4.99691 5.07167 5.06667 5.03274 5.04999 4.91535 4.68989 4.34329
4.02521 4.35464 4.47078 4.55963 4.69943 4.76938 4.87797 4.95731 5.01142 5.00522 4.95354 4.97270 4.84482 4.63681 4.30888
4.00574 4.32734 4.42495 4.52505 4.64905 4.73175 4.83293 4.90283 4.95935 4.94662 4.90584 4.90212 4.77703 4.58954 4.27334
3.99115 4.28927 4.38143 4.49155 4.61235 4.69461 4.79015 4.86084 4.90987 4.90397 4.85128 4.83472 4.71398 4.53148 4.23353
3.96956 4.26038 4.35542 4.47185 4.57965 4.67102 4.74770 4.81268 4.86048 4.85040 4.80801 4.78075 4.64377 4.49316 4.19017
3.95310 4.21290 4.32325 4.44733 4.55163 4.64013 4.71856 4.79386 4.82619 4.80776 4.76484 4.73019 4.61130 4.44156 4.14566
3.93316 4.15802 4.29901 4.42846 4.52780 4.61251 4.70043 4.76609 4.80100 4.77607 4.70813 4.68494 4.56946 4.40471 4.10893
3.91969 4.10325 4.27115 4.40757 4.49605 4.59268 4.67023 4.72202 4.75412 4.73798 4.66999 4.64736 4.53187 4.36447 4.07034
3.91687 4.09760 4.24690 4.38322 4.47770 4.57421 4.64766 4.66934 4.72209 4.69625 4.63799 4.60468 4.50610 4.33345 4.04456
3.88962 4.05537 4.22238 4.36678 4.45534 4.55616 4.64853 4.64322 4.71834 4.65730 4.61519 4.56582 4.47136 4.29976 4.00794
3.86089 4.02833 4.17744 4.34018 4.43360 4.53049 4.62758 4.62741 4.68631 4.61877 4.58024 4.53694 4.44976 4.26733 3.98436
2.19444 2.43537 2.54217 2.32492 1.49743 0.48550 0.68646 1.61463 1.80522 1.36263 0.51949 0.56101 1.20519 1.51816 1.56906
2.09450 2.29823 2.35366 2.04031 1.14080 0.30741 1.38727 2.14175 2.16556 2.11442 1.30036 0.28849 0.77352 1.26394 1.39257
2.03184 2.22622 2.25213 1.85218 0.91188 0.37679 1.73008 2.17084 2.18571 2.17428 1.89897 0.53377 0.41918 1.01691 1.25166
1.96366 2.15186 2.14507 1.67579 0.70097 0.48009 1.83776 2.18514 2.19324 2.19048 2.13931 1.07096 0.23757 0.73324 1.08088
1.88214 2.08744 2.02952 1.52671 0.54037 0.56143 1.81000 2.19545 2.19783 2.20247 2.19220 1.58701 0.34157 0.41947 0.88161
1.80975 2.01934 1.91607 1.39105 0.40692 0.62860 1.80287 2.20265 2.19951 2.21246 2.21224 1.94684 0.71186 0.21714 0.63101
1.76444 1.94358 1.78746 1.25776 0.32636 0.71704 1.85734 2.20670 2.20849 2.21992 2.22372 2.12919 1.16189 0.22537 0.34882
1.71553 1.84988 1.68265 1.14057 0.28920 0.83037 2.04424 2.21121 2.22254 2.23150 2.22900 2.19543 1.60264 0.44340 0.17282
1.67133 1.76650 1.59925 1.04182 0.24682 0.87806 2.00692 2.21271 2.22923 2.23821 2.23512 2.21477 1.91027 0.78975 0.20574
1.62621 1.69617 1.52341 0.95219 0.23008 0.81030 1.90611 2.20587 2.22869 2.24020 2.23284 2.22356 2.06173 1.17772 0.36149
1.58515 1.63562 1.45344 0.88694 0.21722 0.72975 1.70974 2.18303 2.22643 2.23876 2.23629 2.23352 2.14358 1.51622 0.59522
1.53922 1.58979 1.39881 0.83051 0.20778 0.64628 1.44059 2.10162 2.22166 2.23749 2.23920 2.23957 2.17749 1.72221 0.88710
1.50239 1.55145 1.35151 0.78352 0.20206 0.56210 1.13390 1.84101 2.16256 2.22921 2.23618 2.24076 2.19473 1.85131 1.16766
1.46842 1.50874 1.30014 0.76289 0.18798 0.46165 0.83516 1.43426 2.00958 2.21685 2.23533 2.24371 2.20890 2.00620 1.42454
1.43414 1.46385 1.26324 0.74413 0.17731 0.37927 0.65102 1.00989 1.66590 2.17276 2.23610 2.24440 2.21421 2.08850 1.62459
1.41602 1.43906 1.23261 0.73678 0.18238 0.30300 0.53640 0.79907 1.33963 2.02602 2.22587 2.24019 2.22613 2.11460 1.76857
1.39683 1.40264 1.20283 0.75591 0.21393 0.22458 0.42615 0.67014 1.09681 1.87432 2.19548 2.22688 2.22649 2.14941 1.88700
1.37021 1.38306 1.17696 0.78072 0.25356 0.15950 0.36493 0.59370 0.99116 1.67870 2.14111 2.21807 2.22044 2.15677 1.98485
1.34728 1.36440 1.16813 0.78519 0.28413 0.13521 0.28762 0.46140 0.83020 1.57276 2.09631 2.21712 2.23237 2.17203 2.06389
1.32629 1.34287 1.15481 0.79505 0.31504 0.11877 0.19623 0.37446 0.64726 1.40482 2.09496 2.21697 2.23264 2.18939 2.12580
1.30458 1.31615 1.14725 0.80851 0.35846 0.12942 0.15659 0.38159 0.61368 1.16227 2.09372 2.22161 2.23456 2.20605 2.16006
1.30461 1.31197 1.14459 0.81999 0.40991 0.15484 0.13091 0.44025 0.59963 1.13594 2.00930 2.24028 2.24252 2.22568 2.19449
1.28102 1.29268 1.13617 0.82740 0.45436 0.16819 0.13369 0.43899 0.48883 1.26157 2.04320 2.25003 2.25466 2.24255 2.21659
1.25446 1.26955 1.12232 0.83917 0.47570 0.17357 0.14563 0.47386 0.54317 1.55693 2.15135 2.25379 2.26240 2.25555 2.24464
2.61706 2.90981 3.11453 3.06757 2.44183 1.59275 0.95269 0.53256 0.42631 0.66704 1.07495 1.62352 2.00880 2.14490 2.07658
2.53644 2.79024 2.94767 2.82328 2.15665 1.32060 0.67279 0.23905 0.14687 0.32115 0.72825 1.27826 1.70514 1.96181 1.93243
2.48274 2.71245 2.84676 2.66445 1.96937 1.15593 0.50599 0.13821 0.09498 0.15638 0.46613 1.02335 1.49092 1.75967 1.79492
2.42315 2.63199 2.73776 2.52298 1.80322 1.01645 0.39558 0.10465 0.11854 0.10575 0.25580 0.78399 1.29571 1.57198 1.64826
2.35665 2.56794 2.64555 2.39547 1.66311 0.92096 0.34084 0.10695 0.13159 0.12471 0.13889 0.57810 1.09333 1.40842 1.51819
2.29614 2.50860 2.56270 2.27133 1.53425 0.84203 0.30866 0.11277 0.13860 0.15607 0.11113 0.40340 0.89063 1.24984 1.37876
2.25422 2.45370 2.46729 2.15125 1.43346 0.76460 0.27272 0.10841 0.14682 0.18172 0.12742 0.25949 0.71556 1.09866 1.22835
2.20037 2.39368 2.37877 2.04643 1.35560 0.69944 0.21877 0.10284 0.18470 0.21004 0.15444 0.16801 0.55646 0.93171 1.08052
2.16049 2.32662 2.29851 1.96358 1.28795 0.66489 0.22159 0.09660 0.17451 0.21842 0.15963 0.12939 0.42323 0.77723 0.92425
2.11882 2.25702 2.22737 1.88292 1.25243 0.66615 0.25026 0.09465 0.13589 0.19590 0.15365 0.11743 0.32273 0.64733 0.80100
2.07624 2.20152 2.16740 1.81776 1.22081 0.67771 0.29287 0.11087 0.10200 0.16372 0.13912 0.10851 0.24933 0.53194 0.68299
2.04215 2.16234 2.12182 1.76796 1.20240 0.70095 0.35401 0.15112 0.08969 0.13252 0.12457 0.10121 0.20066 0.45020 0.57015
2.00988 2.12932 2.07721 1.71747 1.19761 0.73332 0.43141 0.22151 0.11109 0.09150 0.10083 0.09196 0.17214 0.38624 0.48796
1.98027 2.09579 2.03263 1.69254 1.20149 0.78287 0.53774 0.31661 0.16410 0.08731 0.08700 0.08480 0.14918 0.31531 0.42670
1.95368 2.05288 1.99913 1.66211 1.21445 0.82658 0.62258 0.43954 0.25255 0.11482 0.08206 0.07953 0.14255 0.27333 0.37877
1.93596 2.02746 1.96338 1.64469 1.22826 0.87907 0.68852 0.53198 0.34000 0.17249 0.09224 0.08475 0.13007 0.24906 0.34718
1.91953 1.99431 1.94039 1.64786 1.26080 0.94032 0.75866 0.60268 0.42387 0.22325 0.12408 0.10659 0.12992 0.22578 0.31392
1.89619 1.97698 1.91398 1.65431 1.29244 1.00300 0.80796 0.65176 0.47813 0.28368 0.16297 0.12808 0.13740 0.22379 0.29358
1.87340 1.96115 1.90179 1.64390 1.31752 1.04734 0.86686 0.72664 0.55224 0.32984 0.19031 0.13977 0.13880 0.21550 0.26808
1.85396 1.94346 1.88821 1.65711 1.34596 1.10592 0.94119 0.78806 0.63467 0.39609 0.20691 0.15335 0.14441 0.20497 0.25530
1.83672 1.91969 1.87619 1.65481 1.37562 1.16670 0.99065 0.80600 0.66622 0.47999 0.22444 0.16060 0.15208 0.20021 0.24735
1.83294 1.91753 1.86783 1.67279 1.40648 1.21525 1.04582 0.80410 0.69658 0.51281 0.26828 0.15385 0.15004 0.18745 0.24880
1.81269 1.89782 1.85974 1.67848 1.43935 1.24677 1.12063 0.83270 0.77164 0.51570 0.28453 0.14373 0.13855 0.16957 0.25669
1.78937 1.87636 1.84356 1.69289 1.46217 1.26946 1.13848 0.84618 0.77646 0.49499 0.26136 0.13525 0.11757 0.14626 0.26226
3.03557 3.44656 3.74930 3.87711 3.34501 2.53127 1.93389 1.55615 1.47735 1.65923 2.00743 2.45770 2.68329 2.66960 2.48301
2.96026 3.32055 3.59297 3.65209 3.08395 2.31110 1.71561 1.35974 1.27853 1.42441 1.74480 2.19101 2.47840 2.53597 2.37825
2.90439 3.20970 3.48813 3.48287 2.88354 2.14499 1.55921 1.23765 1.14462 1.26279 1.52289 1.97550 2.30701 2.40907 2.29971
2.83582 3.09944 3.37211 3.33703 2.71052 2.00301 1.44140 1.13784 1.03709 1.13358 1.34700 1.76527 2.13828 2.27457 2.20238
2.77152 3.02334 3.25180 3.19109 2.56563 1.89084 1.36424 1.05390 0.97465 1.02704 1.21050 1.58207 1.97796 2.14166 2.09794
2.70344 2.96135 3.13709 3.02755 2.43933 1.79392 1.31400 1.00744 0.93476 0.95742 1.10492 1.42658 1.81806 2.01645 1.98522
2.65992 2.90953 3.03722 2.90059 2.33695 1.71263 1.26923 0.98871 0.90132 0.90269 1.02192 1.30193 1.66024 1.90862 1.87348
2.60166 2.84724 2.95040 2.79156 2.25537 1.64078 1.22212 0.97932 0.85998 0.85742 0.95807 1.20460 1.51876 1.78826 1.76856
2.55546 2.78359 2.87610 2.69904 2.17845 1.59623 1.21086 0.98187 0.85508 0.83020 0.92560 1.12419 1.40708 1.66241 1.65444
2.52173 2.71304 2.79951 2.62027 2.13346 1.57582 1.21862 1.00039 0.87397 0.83223 0.90415 1.06158 1.32142 1.54169 1.56098
2.47500 2.65903 2.73173 2.55205 2.09084 1.57304 1.23424 1.02702 0.90602 0.84735 0.89773 1.02094 1.25905 1.44583 1.46733
2.43505 2.62094 2.68696 2.50001 2.06172 1.58175 1.26164 1.06777 0.94464 0.86648 0.90025 0.99342 1.20403 1.38431 1.38471
2.39493 2.58428 2.63792 2.44880 2.04111 1.60273 1.29857 1.12270 1.00053 0.91707 0.91648 0.98063 1.16370 1.33204 1.31534
2.36376 2.55246 2.59380 2.41761 2.03303 1.63780 1.35209 1.18474 1.05598 0.96574 0.93721 0.97622 1.13082 1.27910 1.26557
2.33825 2.50527 2.55410 2.38011 2.03619 1.67472 1.41056 1.25328 1.12151 1.00895 0.95515 0.99095 1.10891 1.24397 1.21579
2.32141 2.47686 2.50611 2.35763 2.03358 1.71991 1.46902 1.30661 1.17740 1.06767 0.99719 1.00940 1.09276 1.21433 1.18344
2.30559 2.44334 2.48037 2.34684 2.05616 1.76307 1.53793 1.35749 1.22862 1.11198 1.04028 1.03967 1.08988 1.19213 1.14807
2.28233 2.42231 2.44822 2.34069 2.07287 1.80625 1.59961 1.40236 1.26796 1.15688 1.08072 1.06418 1.09197 1.18375 1.12231
2.25843 2.40276 2.42610 2.32623 2.08693 1.84034 1.66611 1.48618 1.32349 1.19248 1.11143 1.08278 1.09779 1.17101 1.09405
2.23646 2.37925 2.41217 2.32590 2.10504 1.88319 1.73235 1.56284 1.39112 1.23984 1.13399 1.10068 1.10422 1.15862 1.06878
2.22095 2.35172 2.38808 2.31556 2.13133 1.93330 1.77907 1.60811 1.43636 1.29730 1.15959 1.11933 1.11508 1.15491 1.04975
2.21631 2.34910 2.37713 2.32106 2.15674 1.98107 1.82952 1.62892 1.49445 1.33087 1.19762 1.12845 1.12593 1.14971 1.02905
2.19460 2.32621 2.36006 2.31488 2.18361 2.01894 1.89439 1.67554 1.58490 1.35677 1.22672 1.13461 1.12657 1.14322 1.02145
2.17562 2.29226 2.34315 2.31693 2.20541 2.04982 1.92175 1.70629 1.61635 1.37459 1.23440 1.14567 1.12660 1.13151 1.00111
3.55141 4.01748 4.41589 4.71504 4.40270 3.65205 2.95355 2.54902 2.46035 2.64134 2.95565 3.35091 3.40452 3.24040 2.90686
3.48692 3.89647 4.24249 4.51693 4.15520 3.42218 2.73051 2.35306 2.26249 2.41988 2.70402 3.10620 3.26280 3.14010 2.83533
3.41539 3.77274 4.12453 4.31005 3.93601 3.20737 2.56836 2.20861 2.10888 2.23491 2.48664 2.86269 3.10036 3.00802 2.77914
3.33189 3.65426 3.98535 4.15652 3.74386 3.02339 2.42920 2.08759 1.98358 2.07902 2.30453 2.64677 2.90788 2.88851 2.69945
3.25728 3.56430 3.86399 4.01631 3.58059 2.87621 2.32293 1.98660 1.89298 1.96091 2.15352 2.47689 2.76538 2.78274 2.61584
3.16894 3.49255 3.75997 3.86449 3.42517 2.74665 2.23884 1.91872 1.83194 1.87200 2.03656 2.32223 2.61398 2.67630 2.51807
3.10822 3.43231 3.66256 3.70672 3.29780 2.64440 2.17433 1.87477 1.78164 1.80432 1.93778 2.19656 2.47487 2.58718 2.42303
3.04655 3.36027 3.54746 3.58327 3.18967 2.55615 2.11305 1.84858 1.73726 1.75005 1.86248 2.08579 2.34841 2.47780 2.33834
2.98428 3.29142 3.46533 3.46887 3.08666 2.49195 2.08527 1.83195 1.71943 1.70776 1.81263 1.99438 2.24493 2.38234 2.25183
2.93591 3.22033 3.38782 3.37711 3.01380 2.45689 2.07549 1.83363 1.71698 1.69382 1.77351 1.92442 2.14950 2.28863 2.19135
2.87595 3.16229 3.32003 3.30080 2.95005 2.43829 2.07831 1.84513 1.72702 1.69129 1.74932 1.87626 2.07770 2.21593 2.12432
2.83203 3.11443 3.27431 3.24878 2.90112 2.42944 2.09613 1.87068 1.74738 1.69364 1.73490 1.84064 2.01312 2.15618 2.06495
2.78937 3.06539 3.22332 3.18838 2.85364 2.43186 2.12102 1.90932 1.77948 1.71562 1.73267 1.81417 1.96763 2.09771 2.00695
2.75687 3.01511 3.17462 3.14173 2.82020 2.44340 2.16535 1.95783 1.81716 1.74299 1.74032 1.79829 1.92566 2.04077 1.96506
2.72999 2.95094 3.12683 3.09247 2.81038 2.45752 2.20861 2.01231 1.86628 1.77236 1.74671 1.79769 1.89917 1.99791 1.92400
2.71324 2.91172 3.07665 3.06014 2.79440 2.48332 2.25109 2.05694 1.91294 1.81238 1.77008 1.79795 1.88035 1.96441 1.89253
2.69659 2.87712 3.03092 3.02775 2.79136 2.51470 2.29795 2.10244 1.95621 1.85059 1.79681 1.81425 1.86695 1.93906 1.86195
2.67204 2.85099 2.98354 2.99821 2.78798 2.54958 2.33291 2.14047 1.99522 1.88753 1.83002 1.82511 1.86105 1.92245 1.83408
2.64927 2.82074 2.94494 2.96673 2.78703 2.57321 2.37827 2.19948 2.04404 1.92379 1.85985 1.84237 1.86475 1.90977 1.80503
2.62507 2.79151 2.90960 2.94408 2.78846 2.60737 2.43248 2.25050 2.10638 1.97065 1.88493 1.85534 1.86470 1.89705 1.78357
2.60863 2.76371 2.86738 2.91953 2.80665 2.64543 2.47528 2.28493 2.14545 2.02918 1.91158 1.87636 1.87356 1.89109 1.76603
2.60792 2.75636 2.85055 2.89203 2.81866 2.68061 2.51817 2.30618 2.19233 2.06475 1.94850 1.88875 1.88243 1.88573 1.74500
2.58193 2.72806 2.81781 2.88319 2.83028 2.70981 2.58131 2.34796 2.25590 2.09778 1.98357 1.89992 1.88725 1.88497 1.73782
2.56414 2.70060 2.78763 2.86710 2.84716 2.72481 2.60446 2.38200 2.28697 2.12295 2.00556 1.91810 1.89242 1.87980 1.72119
4.04485 4.62665 4.99190 5.22686 5.12075 4.65414 3.91036 3.44532 3.33220 3.48536 3.77248 4.07907 3.98870 3.68920 3.35188
3.97039 4.50738 4.87558 5.10157 4.98040 4.45241 3.70509 3.28320 3.17224 3.30438 3.53502 3.85125 3.84547 3.60846 3.29394
3.86939 4.36599 4.76171 4.97453 4.81921 4.19990 3.50823 3.11079 2.99533 3.11146 3.31661 3.61319 3.69947 3.52164 3.23401
3.75894 4.19131 4.62769 4.84621 4.65972 3.95735 3.32600 2.94263 2.77926 2.91081 3.13553 3.40577 3.56211 3.41633 3.16105
3.65515 4.07724 4.50841 4.73196 4.48221 3.76879 3.19500 2.77164 2.63435 2.72770 2.96116 3.23643 3.43114 3.32135 3.07928
3.56481 3.97662 4.37681 4.61331 4.27450 3.61094 3.07509 2.65488 2.54096 2.59931 2.79560 3.08637 3.28705 3.23250 2.99262
3.50086 3.88824 4.23426 4.43681 4.09952 3.47981 2.98026 2.58101 2.46262 2.50363 2.65772 2.93635 3.16817 3.16576 2.89358
3.44896 3.79958 4.07590 4.24083 3.94775 3.36710 2.89193 2.53515 2.39720 2.42584 2.55798 2.78616 3.04713 3.07706 2.79751
3.39644 3.71124 3.97609 4.10091 3.82063 3.28336 2.84125 2.50166 2.36378 2.36020 2.48647 2.66320 2.92428 2.99603 2.70908
3.34221 3.63167 3.87751 3.97259 3.72129 3.22764 2.81328 2.49238 2.34945 2.32813 2.43194 2.57732 2.81258 2.88642 2.64409
3.30084 3.55739 3.79379 3.87256 3.63377 3.19300 2.80196 2.49233 2.34918 2.31045 2.39207 2.51813 2.70285 2.79769 2.58896
3.24793 3.50127 3.72280 3.78830 3.57528 3.16618 2.81241 2.50795 2.36110 2.30091 2.36264 2.47014 2.62530 2.71790 2.53442
3.20598 3.46484 3.64470 3.70458 3.51152 3.15092 2.83041 2.53870 2.38872 2.31495 2.34583 2.43329 2.56865 2.65215 2.47513
3.17598 3.40667 3.57666 3.64639 3.47016 3.14486 2.87614 2.58612 2.42061 2.33660 2.34426 2.40959 2.51644 2.59139 2.43165
3.14019 3.36264 3.51794 3.57890 3.43779 3.14356 2.91231 2.64795 2.46638 2.36562 2.34509 2.39900 2.48118 2.55073 2.40233
3.11701 3.33089 3.46761 3.53035 3.41161 3.15250 2.95080 2.70998 2.51100 2.40137 2.35682 2.39101 2.44879 2.51326 2.37512
3.09592 3.29816 3.42209 3.48488 3.39402 3.16809 2.98949 2.76991 2.55770 2.43528 2.37926 2.39603 2.42755 2.47988 2.34094
3.07594 3.26704 3.39174 3.45753 3.37724 3.19249 3.01732 2.82087 2.60986 2.46996 2.40778 2.40082 2.41487 2.45942 2.31911
3.05233 3.23997 3.35218 3.42616 3.36377 3.19500 3.05217 2.88489 2.67102 2.50620 2.43247 2.41176 2.41118 2.43326 2.28497
3.03414 3.21607 3.32246 3.39569 3.34630 3.21605 3.09141 2.93371 2.75531 2.55502 2.45354 2.42118 2.40656 2.41961 2.25649
3.01264 3.17712 3.28870 3.37551 3.34483 3.23318 3.11679 2.95860 2.80863 2.62433 2.47570 2.43773 2.41440 2.40646 2.23988
3.01375 3.16428 3.26925 3.33850 3.33811 3.25643 3.14057 2.96103 2.84884 2.66565 2.51262 2.44605 2.41605 2.39698 2.21866
2.98740 3.13924 3.24658 3.32502 3.33149 3.27330 3.18053 2.97996 2.90197 2.70904 2.54382 2.45041 2.42499 2.38858 2.21150
2.96384 3.11874 3.21806 3.30905 3.32902 3.27251 3.18672 2.99270 2.91822 2.73842 2.56455 2.46727 2.42339 2.37930 2.19235
4.52065 5.03569 5.37018 5.62715 5.58423 5.36271 5.05050 4.72438 4.57887 4.62699 4.70160 4.78532 4.57681 4.16078 3.73102
4.44848 4.93096 5.26814 5.48585 5.46026 5.24771 4.89095 4.53313 4.37605 4.45766 4.52761 4.63007 4.47349 4.07427 3.66973
4.33035 4.81378 5.15931 5.37479 5.34128 5.09586 4.71264 4.30092 4.09106 4.17040 4.28436 4.44306 4.34289 3.98527 3.60581
4.20089 4.67282 5.02936 5.26638 5.21924 4.93848 4.52401 4.05760 3.84998 3.90187 4.02130 4.19330 4.19137 3.87529 3.53524
4.06844 4.57379 4.92654 5.15877 5.10159 4.78783 4.34835 3.86939 3.68974 3.71879 3.82592 3.97779 4.05212 3.78527 3.45768
3.95822 4.48095 4.82255 5.05341 4.95860 4.63747 4.17366 3.73235 3.57275 3.57824 3.67173 3.81414 3.89751 3.69790 3.38363
3.87577 4.37478 4.71882 4.91886 4.83472 4.49842 4.02269 3.63898 3.47330 3.45875 3.54124 3.66468 3.76834 3.63313 3.30436
3.80956 4.26904 4.59657 4.79593 4.71072 4.35612 3.89653 3.57161 3.39108 3.36320 3.42824 3.52976 3.63972 3.54562 3.23102
3.74460 4.14876 4.49988 4.68688 4.59771 4.21375 3.81773 3.51932 3.34075 3.27741 3.33821 3.41861 3.52968 3.47221 3.16174
3.68007 4.03740 4.39815 4.56785 4.48696 4.11385 3.76744 3.48590 3.31064 3.23572 3.27050 3.33251 3.43446 3.39421 3.11564
3.63223 3.94843 4.28834 4.46820 4.38703 4.02890 3.73013 3.46526 3.28748 3.20399 3.21665 3.26479 3.34345 3.33453 3.07843
3.56459 3.88322 4.17916 4.37250 4.28928 3.95712 3.70813 3.46138 3.28313 3.18167 3.17513 3.20874 3.27746 3.27954 3.03333
3.51091 3.83658 4.06737 4.24587 4.17306 3.91481 3.69042 3.46570 3.29016 3.17757 3.14776 3.16161 3.21918 3.22578 2.98350
3.47114 3.76270 3.98314 4.14309 4.09375 3.87836 3.70237 3.48234 3.30301 3.18183 3.13086 3.12873 3.16251 3.16863 2.94645
3.43621 3.70954 3.91484 4.05274 4.01789 3.83857 3.69872 3.50788 3.32695 3.19541 3.12223 3.10635 3.11574 3.11949 2.91969
3.40888 3.67240 3.85375 3.97925 3.96362 3.82039 3.69781 3.52924 3.35164 3.21543 3.12044 3.08961 3.07381 3.07836 2.89225
3.38816 3.63321 3.79406 3.91534 3.91738 3.80471 3.70814 3.54421 3.37033 3.22729 3.12636 3.07284 3.04192 3.03836 2.85931
3.36321 3.59824 3.74881 3.87605 3.88543 3.80368 3.70310 3.54888 3.38563 3.24372 3.14000 3.06797 3.02102 3.01425 2.83566
3.33867 3.56201 3.70560 3.82919 3.85725 3.77685 3.70041 3.57619 3.40960 3.26419 3.14625 3.06795 3.01109 2.98597 2.79956
3.32034 3.53314 3.66629 3.78851 3.81744 3.76168 3.71345 3.58876 3.44743 3.28223 3.15339 3.06372 3.00062 2.96642 2.77121
3.29890 3.49342 3.62801 3.75251 3.78724 3.75298 3.70151 3.58493 3.45600 3.31151 3.15994 3.06875 2.99820 2.94796 2.75175
3.29796 3.47732 3.60461 3.70946 3.76752 3.74844 3.70477 3.56638 3.46332 3.31800 3.17892 3.06354 2.98925 2.93396 2.72747
3.26880 3.44540 3.58063 3.68606 3.74385 3.74263 3.72573 3.56425 3.49445 3.32205 3.18888 3.05560 2.98786 2.92089 2.71469
3.24258 3.42193 3.54432 3.66450 3.72574 3.71593 3.71100 3.55244 3.48857 3.31605 3.18558 3.06184 2.97725 2.90434 2.69089
4.87715 5.34410 5.71321 5.92004 5.90521 5.80400 5.68600 5.48028 5.34187 5.28754 5.22180 5.19147 4.94648 4.58681 4.11572
4.81108 5.24204 5.60944 5.82353 5.82274 5.73301 5.57041 5.34486 5.22983 5.19209 5.10008 5.07397 4.86467 4.51839 4.03146
4.70632 5.13884 5.48251 5.73124 5.73379 5.61508 5.41110 5.21525 5.09236 5.04846 4.95809 4.92332 4.76608 4.44026 3.95495
4.59490 5.00969 5.34328 5.63124 5.62204 5.45173 5.28374 5.08229 4.94005 4.89468 4.80856 4.77418 4.67093 4.33175 3.87093
4.47594 4.91247 5.24261 5.50104 5.48444 5.32806 5.17449 4.95729 4.80538 4.74167 4.66275 4.62530 4.58175 4.22531 3.79155
4.36558 4.82408 5.15042 5.36663 5.33771 5.21270 5.06353 4.82972 4.67432 4.60385 4.53215 4.49282 4.45344 4.11759 3.71868
4.25863 4.73658 5.05290 5.24772 5.23554 5.10156 4.94708 4.71354 4.54560 4.46811 4.40969 4.36024 4.33275 4.04393 3.63871
4.17528 4.64742 4.93999 5.13114 5.12708 4.98372 4.82912 4.61514 4.42906 4.35053 4.29101 4.20520 4.18925 3.94573 3.56930
4.08822 4.54788 4.83748 5.03094 5.02263 4.87846 4.73731 4.52280 4.34801 4.22684 4.17473 4.04212 4.03657 3.86717 3.50162
4.01174 4.44807 4.74300 4.92677 4.92284 4.78849 4.65088 4.44349 4.27515 4.13454 4.04502 3.93162 3.91217 3.79613 3.46481
3.94397 4.36253 4.65082 4.82229 4.82839 4.69619 4.56862 4.37083 4.19495 4.02640 3.94318 3.85621 3.82016 3.73336 3.43417
3.86561 4.28417 4.56374 4.72687 4.73242 4.61371 4.50110 4.32085 4.13327 3.94962 3.87100 3.78223 3.74785 3.67475 3.38834
3.80049 4.22364 4.48113 4.63258 4.63436 4.54290 4.43641 4.27202 4.07418 3.89775 3.81441 3.72291 3.67386 3.61677 3.34239
3.75918 4.13232 4.39543 4.55080 4.56993 4.47675 4.40706 4.23665 4.02036 3.85907 3.76859 3.67991 3.61493 3.55767 3.30941
3.72106 4.05729 4.32820 4.47740 4.49189 4.40202 4.35274 4.20896 4.00217 3.83633 3.73660 3.64123 3.55998 3.50370 3.28293
3.69541 4.00365 4.26624 4.39856 4.42961 4.35600 4.31287 4.17725 3.97345 3.82089 3.70418 3.61289 3.51112 3.45841 3.25455
3.67029 3.94855 4.19530 4.34233 4.37211 4.31002 4.28598 4.14250 3.93229 3.79466 3.67902 3.57237 3.46866 3.41296 3.22093
3.64004 3.90683 4.12060 4.29192 4.32858 4.28552 4.23650 4.08864 3.89529 3.77945 3.66464 3.55387 3.43564 3.38261 3.19259
3.61241 3.85793 4.05781 4.24086 4.29420 4.24320 4.19669 4.07968 3.89029 3.76128 3.63960 3.53692 3.41958 3.35342 3.15432
3.58995 3.82183 4.00850 4.19713 4.24356 4.20288 4.18195 4.04925 3.88802 3.74647 3.61880 3.51333 3.39773 3.32608 3.11637
3.56737 3.77861 3.94886 4.14800 4.20031 4.17803 4.14358 4.00067 3.86211 3.74365 3.59967 3.49689 3.38791 3.29886 3.09320
3.56700 3.76527 3.90827 4.08220 4.16934 4.16247 4.12850 3.93609 3.83874 3.71789 3.59161 3.47181 3.36967 3.27344 3.06446
3.53228 3.72488 3.87451 4.03637 4.14360 4.13108 4.12398 3.90696 3.84864 3.69479 3.57784 3.44723 3.35693 3.25164 3.04579
3.50290 3.69182 3.83079 3.99989 4.09988 4.08506 4.09584 3.87446 3.82075 3.65868 3.54956 3.43484 3.33402 3.22455 3.01542
5.18856 5.67007 5.95368 6.16751 6.15240 6.06621 5.98055 5.87964 5.78783 5.71666 5.61984 5.55699 5.25498 4.91555 4.49781
5.11568 5.57014 5.86583 6.06437 6.06687 5.98601 5.89461 5.78390 5.70016 5.64372 5.49681 5.40849 5.17547 4.84794 4.42817
5.01730 5.45770 5.77371 5.96443 5.97034 5.88305 5.80423 5.68792 5.59867 5.52708 5.33277 5.24894 5.08862 4.77034 4.35622
4.90669 5.31195 5.67239 5.87305 5.86716 5.78763 5.70935 5.58799 5.44354 5.34484 5.21334 5.13274 5.00814 4.66733 4.27314
4.79282 5.20573 5.57700 5.78245 5.77713 5.69615 5.62359 5.46293 5.30370 5.22057 5.09963 5.01241 4.92837 4.58776 4.18415
4.69016 5.11882 5.47373 5.69171 5.67571 5.59587 5.51761 5.30671 5.20012 5.11199 4.99533 4.90024 4.82135 4.50027 4.10379
4.59276 5.03336 5.35327 5.58743 5.58555 5.48018 5.36021 5.20013 5.08700 4.99936 4.88953 4.78218 4.69931 4.44449 4.00621
4.51752 4.95174 5.22783 5.45454 5.46176 5.30889 5.22640 5.10613 4.97154 4.88437 4.78315 4.64374 4.58949 4.36949 3.91644
4.43815 4.85713 5.12531 5.31845 5.31375 5.20100 5.14038 5.01371 4.88477 4.76808 4.68515 4.54061 4.48690 4.29613 3.84039
4.37665 4.75793 5.03740 5.20247 5.20783 5.11658 5.05529 4.92682 4.79434 4.67918 4.58975 4.44698 4.37371 4.22831 3.80500
4.30903 4.67668 4.95285 5.10640 5.11940 5.02691 4.96822 4.83825 4.70768 4.58573 4.50301 4.36700 4.28540 4.15186 3.76939
4.23300 4.60487 4.86728 5.01674 5.03321 4.95065 4.89553 4.77108 4.63590 4.51062 4.41631 4.27991 4.21161 4.09128 3.71498
4.16384 4.54320 4.79420 4.93481 4.94191 4.87911 4.82477 4.70258 4.56699 4.44323 4.33417 4.21076 4.11939 4.01422 3.66837
4.10813 4.46838 4.70795 4.85360 4.87870 4.80865 4.77518 4.64957 4.50682 4.37355 4.27311 4.16041 4.04133 3.91398 3.63542
4.06108 4.39972 4.63373 4.78702 4.80832 4.73291 4.70609 4.59877 4.46893 4.32763 4.22799 4.10264 3.94238 3.83311 3.60850
4.03412 4.35360 4.57193 4.70959 4.74729 4.67851 4.64986 4.54395 4.41972 4.28871 4.17496 4.04307 3.85912 3.78207 3.57713
3.99945 4.30293 4.50492 4.64996 4.68516 4.61659 4.61165 4.49653 4.36354 4.24403 4.13164 3.96853 3.80158 3.73211 3.54296
3.96460 4.26642 4.43731 4.58750 4.63038 4.58155 4.53943 4.43784 4.30991 4.20650 4.08877 3.91547 3.75709 3.69343 3.51073
3.93012 4.21931 4.38808 4.53771 4.58409 4.53134 4.49183 4.41231 4.28632 4.16829 4.05058 3.87526 3.73162 3.65690 3.46911
3.89445 4.18311 4.34669 4.49209 4.53441 4.48921 4.46775 4.37916 4.26760 4.14139 4.00237 3.83106 3.70522 3.62235 3.42939
3.86567 4.13336 4.30168 4.44683 4.48521 4.46033 4.42333 4.33366 4.23373 4.12437 3.95115 3.79879 3.68392 3.58862 3.40497
3.86675 4.12456 4.26063 4.38916 4.45203 4.43616 4.40167 4.27474 4.20111 4.08471 3.91920 3.76786 3.65791 3.55779 3.37032
3.81844 4.07304 4.22868 4.35701 4.42459 4.39914 4.39586 4.23878 4.19656 4.04188 3.88077 3.72963 3.63484 3.52762 3.34541
3.77447 4.03118 4.18961 4.32943 4.38714 4.36066 4.36314 4.20264 4.15883 3.98528 3.82401 3.71007 3.60198 3.49510 3.30959
