390.89777 416.43843 443.01601 465.56751 478.99517 493.91317 505.18602 508.35018 502.04194 493.47220 488.58374 449.39062 411.57415 399.70608 397.08073
390.50964 417.43251 441.23847 459.30319 478.70415 495.45370 506.63980 509.88048 503.84900 490.75873 483.96014 463.50044 421.77503 403.61837 399.21668
387.19733 414.69423 436.35336 455.77458 478.39318 492.70585 504.64600 507.39201 502.30920 488.61764 477.61465 465.98324 429.01041 404.83625 396.87539
382.77168 410.62720 431.04352 452.43029 476.59730 490.10179 498.79924 503.74831 497.92169 487.06629 472.01904 462.83184 433.73005 405.95571 394.19857
378.98202 405.00891 426.03777 450.08159 472.77060 484.77282 492.67191 498.36244 492.14500 482.86241 467.03583 457.55474 434.45282 406.78246 390.94122
374.60022 399.34463 421.83912 446.41198 468.10384 478.06745 485.46506 492.81272 485.12954 478.38016 462.44124 450.92028 431.70484 405.78431 386.97557
370.00962 393.91322 417.16991 441.87662 462.58415 472.30516 479.63073 486.23194 480.05712 473.25674 457.33344 443.50281 427.90962 402.77853 381.67097
365.12151 388.27215 412.47724 435.93439 456.06368 466.50930 475.48421 479.76353 477.50967 467.83742 451.96900 436.52823 422.53023 399.02543 377.01407
360.61626 382.93664 407.55709 429.93401 447.68136 459.43832 468.55788 473.32639 470.76477 462.16372 446.22292 429.68885 416.75360 394.89070 372.58315
354.81694 377.42402 400.77049 423.08747 439.40338 451.19952 460.08880 465.30172 461.97964 455.02656 439.17825 423.04183 410.21787 389.84999 368.32506
349.20624 371.40880 393.99535 415.31265 429.67507 442.42365 451.07006 455.65200 453.69301 446.53032 431.37467 415.82681 402.89590 384.62067 362.93585
342.79004 364.08768 387.45204 406.26239 420.64531 432.54702 441.73066 446.30759 444.40504 437.38238 423.94029 408.94033 395.85530 378.36205 357.36916
335.81954 357.49445 378.75272 397.05714 411.75888 423.11625 429.83001 436.49522 434.89973 426.89631 415.24095 400.86632 388.59645 371.57790 351.35624
328.46620 348.68258 369.64664 386.74427 400.15088 410.96676 421.15799 425.38045 424.81626 417.62626 405.44770 392.35130 380.47438 365.02576 344.39913
319.90265 340.03369 361.15053 377.80761 391.02760 400.23979 409.58659 412.58431 411.66570 408.60040 396.21426 384.29546 373.13746 357.49290 338.15537
310.85781 331.78332 351.52478 366.31747 377.43129 389.17558 398.66373 402.01636 401.94119 396.45344 387.00222 374.85443 364.88655 349.86017 330.39236
301.73766 321.40319 340.95444 355.07780 365.39508 378.85067 387.97259 391.99201 390.99473 385.48303 375.50300 363.85983 354.86259 340.45893 321.84353
292.45366 312.26684 330.11259 341.85363 352.50444 367.79464 379.31701 382.86092 380.43123 374.69972 365.49985 353.25912 345.20661 332.76773 313.98665
281.40188 301.60083 319.20506 329.02692 341.73570 358.89578 367.41220 369.42470 369.85909 364.58783 354.30559 344.24815 336.61542 323.55575 305.00402
271.45575 290.53555 306.33630 319.00380 332.03074 347.74227 353.40327 356.55127 357.48502 353.58900 343.35692 333.57084 326.27248 314.55641 296.68866
261.29598 279.85231 294.46178 306.11314 321.17680 335.03253 341.99580 346.24772 345.76667 341.78606 333.33323 323.19377 316.47818 305.49105 287.60358
249.08453 266.80111 280.94482 294.47337 309.15275 322.48012 328.61089 335.83682 332.51189 330.22765 321.61354 312.53049 305.76093 295.89279 278.18007
237.68168 254.60347 268.13174 280.88326 295.14256 310.24283 308.96026 321.77336 313.95072 318.70074 309.97996 300.91002 295.45619 286.07690 269.07755
224.56815 240.97370 254.80993 265.48659 281.44682 297.54060 292.70392 306.78679 298.90881 306.64079 298.82169 289.05064 284.08598 276.43391 259.34049
415.88653 433.10543 463.45857 509.07075 540.20788 548.03211 552.34089 555.11827 556.92254 553.95909 504.36516 433.75553 405.97598 400.38087 405.65418
420.60435 442.57838 476.07953 517.00721 534.35556 539.65724 545.52695 547.95741 548.14987 549.76989 522.58878 449.33972 411.49164 401.41869 408.07407
421.83622 447.92437 482.84710 515.53369 528.33068 533.90706 541.20358 543.62934 542.15094 542.69771 529.45766 464.85878 416.03576 402.97700 407.36392
422.66587 452.70228 485.17339 510.76471 522.10090 529.28218 535.11199 539.41934 536.18642 536.26973 529.82126 477.03218 424.86724 406.19636 406.68488
423.17159 453.35644 484.05821 504.67395 515.88365 523.31301 528.90191 533.80601 530.01392 528.62235 525.74980 485.36294 432.22230 409.01236 404.63222
422.20274 452.04246 479.88733 497.92860 509.49422 516.11634 522.28230 528.90243 523.23888 521.40323 519.56352 491.37779 438.66920 411.38614 403.12233
420.45761 448.95095 474.98390 490.83191 503.14989 510.20583 516.68011 522.61202 518.17115 514.75892 512.83378 492.80669 444.22864 411.30687 402.33360
417.20415 445.19165 468.83432 483.38334 495.88830 504.20923 512.85090 516.95258 514.98351 508.42993 505.09096 490.44481 448.89133 413.91109 401.93381
413.61639 440.08177 462.33161 476.19105 488.05147 497.34317 506.30418 510.65592 508.32510 502.06031 497.20020 486.50513 450.91951 415.49134 400.34582
408.80167 434.52226 454.73295 468.95277 480.07422 490.02322 498.77988 503.60989 500.97180 495.02433 489.39483 480.91189 449.71019 415.77242 398.60265
403.57553 427.90714 447.19625 460.86076 471.00071 482.01392 490.68971 495.04845 493.47617 487.62251 480.79266 475.24165 447.58636 414.85573 395.97172
397.22854 420.56814 439.71041 452.30384 462.48013 473.54462 482.68344 486.58457 485.39149 479.36100 472.81176 468.75003 443.85217 412.11736 392.49533
390.91393 413.81282 431.04444 443.13641 453.89709 465.13773 472.66266 478.37448 477.25825 470.50057 464.03939 460.91097 439.06992 408.02244 387.50234
383.33863 404.48112 421.73489 433.45446 443.77574 454.86924 465.38908 469.38443 468.80286 462.59031 455.26137 453.20321 434.03316 403.72604 382.45020
375.28404 395.54536 413.25209 424.75086 435.26738 445.29963 455.36851 458.99816 458.19548 454.65400 446.87498 444.77745 428.44288 399.76687 377.54160
366.24309 387.48720 403.99864 414.26698 423.51878 435.80331 445.89983 449.53015 449.70306 444.68042 438.45144 435.84440 422.53441 394.98270 371.77567
357.63694 377.47404 393.56870 403.63853 412.44972 426.96435 436.45075 440.77636 440.31810 435.71504 428.60002 425.42509 413.21139 389.29959 366.52491
348.36454 368.50320 383.52191 391.21527 401.12469 417.04394 428.11516 432.06140 431.24021 426.55923 420.06306 415.29087 405.07827 382.99872 360.52986
337.71981 358.30068 372.76307 379.54475 391.46720 408.38471 417.46000 420.31282 421.63466 417.85142 410.43817 406.43326 397.58459 376.13333 353.56130
327.53738 347.66265 360.66067 369.54644 382.61225 398.35933 404.88870 408.61598 411.11560 408.82593 401.30470 396.45397 388.33330 368.28423 346.71199
317.64676 337.23080 348.95316 357.37511 372.21819 386.91672 394.00869 398.88638 400.31467 399.25103 392.52102 386.76826 379.11418 360.50368 339.37725
305.76456 324.92675 336.27043 346.38297 361.32604 375.10575 381.60372 388.69031 388.49818 389.17007 383.01340 376.36383 369.24863 352.63448 330.87364
294.59047 313.03836 323.56837 333.13385 348.33554 362.98909 364.99532 376.08292 373.57561 378.85461 373.12391 365.97736 359.51764 343.43317 322.57545
281.59047 299.84653 310.54140 319.25623 335.26421 350.10632 350.50712 363.02751 360.55021 367.94571 363.52347 355.78727 348.45238 333.74255 313.96599
433.09008 437.76741 454.84064 493.41060 556.73481 597.69308 612.28071 614.22896 600.76466 550.44175 476.75833 431.26514 415.95718 410.74475 419.69476
438.07319 445.12953 467.47863 515.16177 575.26364 603.27955 610.48074 613.27497 608.99928 571.20934 494.02596 433.14973 413.54405 409.72715 418.68615
441.67331 453.38331 479.84552 532.93157 584.44992 600.88057 606.72006 609.63153 608.60764 584.87862 512.14993 442.10949 413.93044 410.69866 417.46689
444.92612 461.33911 492.41342 545.88237 586.58045 596.40505 599.78721 603.72513 604.13005 591.09778 528.58650 452.35659 419.50636 412.97564 416.31941
449.08820 468.38060 503.99421 554.84735 583.70336 590.47724 592.91448 596.83954 597.38597 590.94375 540.84584 461.97099 423.63882 413.62777 415.83479
454.02652 474.42460 514.06010 557.34927 578.93461 582.26129 585.50780 591.42028 590.46853 588.08395 548.32756 471.10601 428.15956 414.09404 415.32683
459.03930 481.81243 520.29252 557.04764 572.82474 576.18804 579.95872 585.04999 585.00131 583.06801 553.24962 479.10273 432.16700 414.56986 416.38356
461.24715 485.82172 523.77007 553.91664 565.41547 568.87699 575.11203 579.35646 580.71774 577.94071 555.04971 486.15510 437.07828 416.87101 417.21530
462.96578 488.33400 523.91564 548.21801 557.67029 562.08512 569.04487 573.51647 574.18124 572.13534 553.89464 491.09996 441.11423 418.88570 417.14286
463.39521 490.41157 521.28621 541.36425 549.72798 555.05679 562.21162 566.82184 567.63643 565.71209 549.81977 495.64352 444.43286 420.39874 415.11040
462.63458 490.44020 516.97679 533.80312 540.90280 547.43330 555.24125 559.51967 560.61362 559.08911 545.10192 497.78880 444.39180 420.80063 413.38397
461.13340 487.37642 512.01104 525.71726 532.68331 540.09779 548.05300 552.50658 553.39634 551.53889 539.60282 497.35780 446.01073 418.52136 412.68373
457.70792 482.87330 505.49373 517.21949 524.14317 532.44015 539.41203 545.45249 546.64929 544.01956 532.45373 494.59918 445.71052 418.07601 410.06571
452.89170 477.01732 497.19341 507.74440 515.19459 523.87686 533.10184 537.93238 539.45990 536.01035 523.95821 491.41102 445.06507 416.49839 408.91411
447.56860 470.61736 489.76351 499.27677 507.55939 515.72120 524.52799 529.42996 530.92894 529.36628 516.98236 486.93206 443.32474 415.04821 405.82285
440.62939 463.72137 480.73479 489.54878 497.07933 507.56143 516.94291 521.57922 523.15226 520.09728 508.91475 480.18629 439.78401 412.86794 401.99345
433.66516 454.68008 471.10043 479.76602 488.25633 500.28723 509.12735 513.84807 514.65420 511.05747 499.33589 471.71631 436.01560 409.38491 397.89445
425.00391 446.63538 461.15217 468.32112 477.81022 492.00518 501.56494 505.73186 506.22345 502.45874 491.32188 463.72421 431.08698 405.30481 393.09391
415.93182 437.01357 451.04649 457.72726 469.28191 483.86985 492.02895 494.93906 497.08847 493.43251 481.51956 455.47791 424.74447 401.07747 388.16493
406.84521 427.11066 439.88486 448.58429 461.39683 474.73727 480.95762 484.50729 486.49369 484.07903 471.94588 446.50658 418.23854 395.34415 384.13885
398.06853 417.05366 428.86779 437.90539 452.41339 464.60692 470.89920 475.21741 475.81546 473.62088 462.15557 436.61119 410.86207 390.67074 378.61307
386.95702 405.54976 417.12438 427.68778 442.26885 454.24914 459.85819 466.40504 464.55099 462.79785 451.38920 427.90272 401.98504 383.28185 371.98929
376.82863 394.87783 405.68692 416.35455 430.54044 443.10140 445.12788 455.18832 449.73135 451.35429 440.13338 417.11294 393.20625 376.03006 365.56532
364.82946 383.11526 393.41799 404.53120 419.44997 431.86818 433.22012 443.70686 438.19172 440.14463 429.43862 406.89632 383.73128 367.53032 357.40749
453.70420 452.83184 459.47399 482.25177 530.90187 576.88954 608.58469 608.99089 576.51807 523.52478 477.26709 447.36650 439.51161 440.72360 443.80530
455.94880 454.77165 465.42282 493.66292 548.41612 597.72839 630.28911 629.66897 594.96175 537.42136 482.49894 448.27591 438.67671 437.28588 439.64510
457.24844 459.32711 471.59164 508.83738 567.16317 617.16154 647.55013 648.04641 615.39492 554.70769 490.98887 450.44864 438.67732 436.30462 438.59945
460.53185 463.51140 480.77939 522.03728 586.14116 632.37941 657.48017 660.37827 630.86450 568.92132 500.88532 454.80431 440.00703 434.27695 437.29209
465.35022 467.81495 487.77984 537.19191 602.11845 641.01762 662.34132 666.81362 639.94270 581.62168 510.27161 457.14831 437.81946 433.22599 437.74202
471.90349 473.35095 497.39961 551.98757 614.58166 646.10518 662.70889 667.44444 644.69141 592.87897 519.62067 460.15765 438.25964 433.16335 436.32885
477.62893 478.70952 507.66650 564.30838 620.15515 646.88117 660.65235 664.93814 647.76910 600.80671 527.35469 464.05009 440.48310 433.11166 437.11301
480.69966 483.61528 516.61418 573.82370 622.12195 645.17945 657.92322 661.34213 650.32073 606.43745 533.84153 469.46625 439.98721 433.40379 436.79691
486.35483 489.30931 524.89809 579.78054 620.55115 640.64733 652.37609 655.78278 646.64201 610.10164 539.60024 472.54870 441.92145 433.91837 436.66074
488.39101 495.06484 532.72071 582.55570 615.45708 634.61245 645.87487 649.70107 641.16841 609.61538 541.31202 474.67889 442.79806 432.39457 434.82074
490.92928 499.09891 536.01558 582.25895 609.45669 627.74072 638.24750 641.72441 634.61681 606.23414 543.05470 475.67087 441.19713 431.65767 433.71025
492.39550 500.78210 538.58403 578.83275 602.05350 620.16572 630.19519 633.16008 627.05369 601.93415 541.83125 477.48679 441.58920 428.25878 434.04224
493.82764 502.10836 537.86989 573.58060 595.07185 611.97965 621.44807 624.99439 618.35590 593.65613 539.88843 477.25330 441.12016 429.17527 432.43393
491.98699 501.49319 534.57820 566.86648 586.26217 602.48330 612.42781 615.58922 608.74625 586.11600 536.30866 475.83259 440.49681 428.51560 431.34514
487.37697 498.72088 529.58563 559.30057 577.86317 593.07490 602.04252 604.17323 597.37482 577.26803 531.27845 473.96207 439.62326 426.61710 428.28613
482.66094 494.31856 523.82700 549.75751 567.94029 583.36840 591.98004 593.28301 587.11737 565.46861 524.40294 469.32722 437.12796 422.83410 425.83979
476.64562 488.88547 517.12410 539.37251 555.94235 572.94821 581.00723 582.74301 575.18081 554.87772 515.71014 464.14088 433.79147 420.10713 423.01532
469.46972 481.48111 508.69921 527.21689 544.57728 562.41747 570.76490 571.61940 563.66160 543.56024 506.87538 458.42033 430.23254 418.46213 420.47682
461.97789 474.69699 499.83902 516.41993 535.38084 552.37587 558.36108 556.67289 550.04212 530.89519 496.49570 451.22889 426.08379 415.04967 415.82712
455.06605 467.15275 489.87234 507.05663 526.53919 540.43346 544.11889 542.37546 534.69116 517.04008 487.06665 444.81155 420.83993 410.30003 411.07238
446.79246 459.43835 479.34422 495.42858 515.98363 527.59389 531.21939 530.37395 520.43459 503.11866 476.44717 437.63879 413.70882 404.98283 407.15388
437.19644 449.51892 468.04561 484.42526 504.10534 514.05554 516.96074 519.61035 505.41611 488.77549 464.62466 430.76470 407.06586 399.86695 403.42123
428.31163 439.46691 456.56362 473.85701 491.34545 501.48244 498.51350 505.43589 485.89582 475.19581 451.97464 422.03858 401.89602 393.95213 397.19047
419.12677 430.12257 446.01685 462.80211 479.42597 489.46965 485.25436 491.13233 471.54875 461.88529 439.79740 412.95269 394.50651 389.66543 390.36450
452.80350 454.27903 459.83101 477.16184 517.67455 558.78122 587.55062 590.66971 562.84591 518.18625 483.31352 461.71520 453.87653 450.46217 446.63632
453.15044 454.24246 462.19602 484.08311 528.50048 572.61636 608.45565 609.23836 575.27442 526.32751 483.33906 457.36402 450.33210 444.69967 443.04770
454.64279 456.12740 464.81187 493.87955 541.86657 590.59407 626.86006 627.87960 592.96179 537.55103 487.27468 457.71192 449.06020 441.73053 441.10863
456.75061 458.33634 470.92247 503.88231 557.09189 608.84216 644.25469 646.25705 608.55130 547.86010 491.86265 457.76629 445.82830 439.29890 440.46794
460.67849 460.07116 476.08749 513.35893 572.50516 622.80964 657.31264 661.14743 621.11230 558.37283 496.86537 456.20315 442.23544 438.18294 439.17022
465.21356 462.40001 481.03618 523.52470 585.26376 635.64210 666.68289 669.30429 630.07505 567.16077 502.37913 456.51989 440.92477 437.50905 437.34937
470.88873 465.07601 487.00600 534.63406 595.68378 644.65119 671.14875 673.28859 639.37330 576.44182 506.37672 458.05395 440.49652 435.32819 436.28253
474.76896 468.23443 493.07283 543.03703 604.19258 650.59805 673.35702 674.89330 647.99527 583.86416 510.90165 459.82972 439.12508 434.46169 435.93707
478.59894 471.29495 497.96579 551.45070 609.09295 651.19486 672.70396 672.80770 647.75347 589.50687 514.44168 460.57395 438.33115 432.86934 434.38232
480.30159 474.99480 503.96400 557.51840 609.31868 649.25212 668.43530 669.32291 644.99733 591.17495 515.67561 460.55208 437.68830 431.96003 433.15896
483.28849 476.80520 509.87130 561.96743 608.05113 645.11848 662.03923 661.82093 640.40573 590.52253 516.15794 459.70578 436.17824 428.74582 430.83859
484.83207 479.98178 511.34754 561.90730 604.57512 639.32376 653.97910 652.91980 633.09625 587.68891 516.49127 458.47369 433.97036 425.01869 428.00143
485.04595 480.87436 513.18351 560.59165 600.63582 630.30750 642.95073 642.94313 623.13447 580.64848 515.20449 456.43200 430.01213 423.90766 427.73694
485.61705 480.10252 513.72513 556.85265 592.74719 619.20597 631.22933 629.78224 612.19319 573.68837 512.09687 456.25795 429.30688 422.23933 426.48790
483.47151 480.65704 511.44410 550.24153 585.14473 608.20076 617.41640 615.00439 597.34633 562.86913 507.95794 453.60039 424.95912 420.56354 423.43858
478.85862 476.82674 506.39642 543.47510 575.21496 596.28717 604.06879 600.15095 583.91090 552.42929 502.10019 448.79997 425.23463 416.66128 419.80537
473.63262 472.83338 501.39024 534.43947 562.01890 582.62529 588.49066 584.95362 568.71012 539.85072 492.43591 443.34471 421.36694 413.48087 416.68190
468.55174 467.37295 494.86737 522.69458 548.39396 568.47934 575.32440 570.46534 553.92162 526.83851 484.79364 437.60321 417.45168 409.11314 415.14125
461.03441 461.26682 486.81531 513.05184 538.32034 555.59746 559.53895 551.62939 537.97263 512.62171 473.98503 433.28853 411.37536 405.34465 410.50395
454.10615 453.94085 478.19057 504.09050 527.50876 541.07246 541.42081 534.80077 520.24832 497.49996 464.78180 426.42396 407.72843 401.33031 406.25265
446.89292 446.21936 468.41404 491.87988 514.78475 524.21157 525.72370 521.16463 505.61523 483.62994 455.36700 418.61487 401.24962 395.89873 402.85483
437.93554 436.72257 457.83513 481.25876 500.52539 508.35599 508.94649 508.68558 488.77899 469.37566 441.98503 411.61335 394.79212 390.83543 398.64786
430.78185 428.88697 447.90401 470.20674 486.00747 494.44356 487.89111 491.72446 469.03716 455.91970 431.36863 403.21449 386.76385 386.14610 392.89982
422.03367 419.26105 438.43402 457.59401 472.60825 479.56915 472.90048 476.45187 454.07639 443.07639 420.33126 394.38402 379.83582 378.56562 386.60871
490.64933 494.27235 500.88368 511.66997 536.75166 562.81476 585.40391 589.28019 569.50011 541.05029 522.86276 511.06290 502.37971 493.61571 491.56723
489.92501 492.28543 499.05285 512.59448 539.63271 569.24580 596.33807 598.04609 574.49998 541.78598 518.63406 504.40631 496.87320 488.68729 487.43853
491.67911 491.15069 498.49592 514.81530 545.10117 580.68222 609.01153 610.69914 584.34142 546.65927 517.62065 500.46220 493.09681 486.17097 484.93475
492.92170 491.44590 498.58167 519.01542 556.26934 593.20717 621.95280 622.72997 592.99859 550.51854 516.64373 497.49301 490.77936 483.89725 482.46208
495.66920 492.96226 500.60264 524.79307 564.55106 603.14273 631.25856 632.96289 601.47326 554.80947 516.75962 495.31360 487.84512 481.73642 479.54516
498.64348 493.55918 503.17116 529.46416 572.87624 614.05944 639.62395 639.94948 606.48809 559.58125 517.53687 493.53894 485.17974 479.89090 476.84817
501.50643 493.13638 505.01802 535.89139 580.16592 621.08720 646.91345 646.21034 611.55247 563.60923 517.07007 491.87945 482.78652 476.50673 475.69515
503.13121 493.28687 506.70416 542.38084 585.61522 627.44146 649.14958 647.02535 615.67954 566.60778 517.66768 489.32824 478.17436 474.51841 476.33004
506.00266 493.22109 508.61339 546.58334 590.15618 629.50421 650.22214 646.60578 617.09167 568.64330 518.68007 486.99537 477.27445 472.92022 475.15905
505.41443 495.55381 512.54403 550.03133 591.99068 627.68100 645.25621 642.02150 614.51551 567.06912 518.23495 485.30093 473.88059 473.33793 474.65835
506.20796 495.43607 515.40709 553.82815 591.09069 623.01523 639.42544 634.34707 609.78668 564.11943 516.06647 483.51951 472.85964 471.15417 471.75993
508.00030 495.88883 515.81916 554.71298 587.68186 617.84819 633.80789 626.57652 601.51202 560.29563 513.66257 482.55751 471.91925 467.90691 468.71330
506.37725 496.06130 517.06007 552.90297 583.14165 609.82886 622.16339 616.46785 593.92036 555.31685 510.74783 479.64284 468.11439 465.68659 469.14416
505.11223 494.37501 517.53635 549.36343 576.29843 600.94370 611.31488 604.43116 584.14925 548.69414 508.11496 476.34615 464.94727 462.75843 467.52178
501.25429 492.90191 513.74808 542.94463 568.68263 590.52501 597.65733 590.96725 570.48152 540.53415 502.86530 472.93806 461.45567 461.13331 463.69399
496.10164 487.95072 509.82022 535.86765 558.91206 578.38321 584.79309 577.08425 558.68892 532.08332 498.67145 469.20375 459.11224 456.79066 461.39958
490.79598 483.11800 504.65613 527.19659 548.40286 566.42258 568.85396 562.59973 545.60227 522.31962 491.53556 466.42686 456.95506 453.10467 458.86844
484.65572 477.48412 498.28918 517.04516 536.27942 551.19274 556.65841 547.71826 533.42177 512.17637 483.98340 460.72718 452.51375 448.90962 455.36436
477.80948 471.30188 491.21189 507.63450 525.11297 538.82146 540.91299 532.49540 519.48069 499.26761 476.32887 454.71121 446.46045 445.46912 450.89815
471.48714 465.01665 482.16216 497.70336 514.95514 525.33092 523.19778 516.66522 504.50524 488.36476 469.62164 446.82664 443.37196 441.85793 445.71835
465.86937 458.38190 473.35563 486.15059 502.74421 509.08238 508.70092 503.91298 492.34046 478.02687 462.50495 442.04101 437.29450 436.26392 440.55057
456.96678 448.45628 463.60777 476.26915 490.89716 494.64240 492.75972 490.99394 478.35046 466.23724 452.68211 438.51404 430.97277 431.44550 435.14755
450.07734 442.38088 453.59195 465.58460 476.83144 479.67529 474.45293 476.36591 460.82969 455.66110 444.87206 431.75051 426.07365 425.55049 428.45390
441.46488 432.71186 443.60113 452.71505 462.23806 465.45042 459.14473 462.91264 448.66592 444.93422 436.75105 423.71577 417.55048 417.07040 420.46385
534.33143 537.44690 542.82701 550.58838 563.73011 575.88587 589.35422 592.45035 585.73074 574.76565 569.59153 561.58866 549.64107 539.02706 534.11731
532.01915 535.59140 539.62930 547.31881 561.12604 576.00677 588.95745 591.05538 582.93704 569.45417 562.12206 554.10337 544.44062 534.22132 530.47495
533.14257 535.20458 540.06855 547.58678 562.53397 578.99510 593.07706 595.15290 582.44709 567.73283 557.14921 548.58392 539.38162 529.90209 529.14639
534.69966 534.43655 539.01028 548.99448 566.71993 584.29073 597.97065 598.85632 583.53246 564.50810 551.55343 542.76259 534.85780 526.24364 526.78844
537.16570 534.68326 538.31857 550.18359 568.26708 585.34069 599.73642 601.76549 585.51638 564.00384 547.07656 537.14235 529.85493 525.07484 523.47258
538.91994 533.19108 536.57795 549.19151 569.94040 589.84706 604.40245 603.43371 585.81931 563.44660 545.05965 534.35627 529.16716 524.37222 520.93566
540.35752 532.55278 536.87983 551.25516 573.49979 592.84026 606.35964 604.86058 585.53519 563.30581 543.14754 532.41158 527.82827 521.73552 520.07151
540.72855 530.91568 537.94669 555.23806 574.03554 593.76639 605.79230 603.07113 585.77270 562.39233 541.59626 528.83398 523.92591 519.82173 519.68685
541.51467 530.13527 536.20081 554.59283 573.98317 594.54370 604.59021 601.06167 583.83258 560.27002 540.09767 526.42061 522.81254 518.24741 518.49960
539.41666 529.62868 536.99273 554.63396 572.90162 592.52802 602.06984 596.69647 579.55029 557.40398 536.24830 522.47880 518.36862 516.92396 517.94131
537.46012 530.40813 539.23153 555.41404 571.36029 589.61893 596.49184 589.99421 574.37637 555.58424 533.35413 519.75973 516.74160 515.77085 517.70065
537.83095 527.64935 535.84242 555.85895 569.44392 584.07175 590.43356 584.38749 568.06527 551.57650 531.64090 516.42857 514.84591 512.36745 514.07526
534.25763 524.33111 534.14979 551.55347 564.82387 578.21168 582.49107 575.80529 562.84416 547.03891 530.01039 515.44051 511.25982 510.01863 514.61459
531.59985 520.47834 531.51776 547.73969 559.56007 572.04075 575.23173 567.24391 555.83551 541.09168 526.09564 511.31152 507.57952 507.59019 511.54430
527.60210 516.83333 527.51042 541.67419 553.69026 563.61921 564.26665 559.64366 548.20547 536.97527 523.89669 508.04284 505.37411 505.45946 507.29763
522.00440 510.72501 523.24719 535.02361 545.18563 554.66972 555.55481 551.82970 542.37974 531.22768 518.76043 504.54150 502.88438 501.45733 503.74160
516.17771 506.71569 518.10799 527.20509 535.95319 545.32088 544.15129 540.97809 533.32776 522.93955 512.98291 503.11371 498.85062 497.93184 498.66078
509.82105 501.10914 512.20709 519.69743 527.69391 533.64535 535.76708 531.98109 524.57208 517.73559 510.03654 498.28826 493.44201 491.68180 493.52762
502.21320 495.42173 504.83808 511.25159 519.52584 523.64484 525.85152 522.89822 515.79069 508.55828 503.38617 491.68589 487.53623 486.81752 488.68053
495.40071 488.93684 496.47196 503.00804 511.22866 514.17347 513.99924 511.65552 505.15957 500.68963 495.67507 485.16690 481.79422 480.83001 482.71204
488.40703 480.92286 488.59296 495.66439 502.16368 503.02026 504.07100 502.70897 497.80355 492.72729 489.79266 479.86176 475.44060 474.26843 478.23744
478.60214 470.04512 479.89739 486.54408 491.96086 494.22807 493.30077 493.86940 488.71486 484.87665 480.90002 474.01889 467.93136 467.91207 472.07768
471.16793 462.20946 468.38187 476.79028 481.97096 482.11510 479.30776 483.97878 476.84683 475.87287 472.93208 466.69492 461.76137 463.28469 465.10578
463.57649 451.53953 458.72585 466.14592 471.23956 472.37375 469.15010 471.98623 466.38115 468.81539 464.59355 458.08862 453.24091 455.15245 457.06823
583.89379 586.67084 593.48392 600.81231 611.30379 616.91132 624.68662 627.81306 629.13451 628.66640 628.32405 619.88782 605.25476 591.59204 586.43335
580.94446 583.56184 589.52791 596.62916 606.04468 612.11171 619.12941 621.89528 621.50747 620.59360 618.55300 610.05839 597.42291 586.23321 582.76071
582.67784 584.11842 589.02336 595.57336 602.81385 609.57817 616.51725 618.63956 616.86359 613.86649 609.16331 602.70651 591.52237 582.47739 581.01350
583.30856 584.77222 587.54427 594.11579 601.72545 607.89205 611.89809 614.99860 611.19023 606.99653 602.25550 595.70203 587.35836 578.56673 577.07172
583.97178 584.40593 583.97181 592.40691 600.45610 605.76361 611.76924 613.02680 607.55308 602.36792 598.20074 590.69210 582.43732 577.56909 574.01283
583.37777 581.78618 583.51106 590.63920 598.23058 605.33368 612.18217 612.82041 605.57269 598.21122 592.78888 587.69055 580.76234 575.17334 570.92372
582.89251 580.27738 582.88236 589.99869 596.43364 603.81751 610.57912 610.74147 604.48157 595.65246 590.70860 585.35435 576.91753 571.99566 571.19120
581.73558 577.35741 581.08346 591.25149 594.27878 602.51047 609.87824 607.88086 602.50325 594.27440 587.84341 581.27377 573.62924 569.37666 569.33773
579.71442 574.62519 578.43218 588.93276 595.23836 602.66135 606.94021 606.06339 598.06524 590.65136 583.50577 576.26296 570.93019 568.78683 568.72194
576.51293 571.79451 577.65658 587.79835 591.75783 601.10846 605.63476 603.28551 596.74231 589.01857 580.43024 573.18840 569.14117 567.38558 566.30644
574.99381 568.76160 574.59060 583.67627 588.88744 598.93191 601.49356 601.06631 593.44956 586.62054 577.65500 570.93524 568.17740 564.55111 565.25790
572.94737 564.68171 569.15677 580.57427 585.82216 593.31075 596.62628 595.72775 590.75902 584.41960 576.16477 567.15783 563.63911 562.48881 561.31977
569.07332 562.12381 565.78236 576.29374 582.65037 589.19787 591.90689 588.91219 584.41433 581.21949 574.26933 565.61574 559.28702 557.82999 557.91033
563.78632 557.17400 562.95389 571.60559 576.69081 583.97880 585.64851 582.44967 579.05870 575.19188 569.93778 560.44655 556.30125 551.89152 553.23515
558.40403 552.41492 559.52699 567.59230 571.23169 578.95337 578.26955 576.27823 572.34687 570.37800 566.78249 556.47910 551.44206 547.70071 549.44817
552.46714 545.72585 555.00045 562.24895 567.88312 571.68906 571.54707 571.26505 567.21345 564.87708 560.14469 551.47174 547.43906 543.30500 545.28896
546.70617 537.44722 549.11454 555.75109 561.24811 565.99436 564.77583 562.38926 560.27515 556.60222 553.62358 545.77857 540.82029 540.60394 539.51895
541.28114 530.09302 541.53122 548.35034 553.32890 556.93525 559.08365 556.90502 551.97931 551.19318 548.46984 539.03075 536.58863 533.62316 533.10431
533.75711 523.54662 533.96976 539.75701 546.26666 549.21914 550.73152 548.15455 545.05701 544.15723 542.18307 534.20569 532.10082 528.03274 527.30939
527.87948 519.72896 524.80905 531.14659 538.71136 542.28830 541.78741 540.02313 537.86123 535.69241 537.30003 529.83793 525.33905 520.62035 520.59633
520.47048 511.98574 516.79590 522.76359 529.99530 533.13283 534.89304 533.01032 532.20948 529.79254 529.50786 522.52177 517.63779 514.14876 515.15403
510.89937 502.52182 511.29040 513.92804 519.73517 523.89236 525.52829 527.35955 524.07284 523.39360 521.81697 515.42056 509.64036 504.89126 509.63334
504.27664 495.50626 499.83949 504.89556 510.10630 513.46991 513.85156 518.52354 513.54619 514.18009 511.99424 507.96326 501.06122 500.08532 503.52093
497.43139 485.93634 492.01093 496.00985 499.66129 503.53166 502.81179 508.26306 503.37150 506.49701 502.73994 498.03213 492.05267 492.58013 496.30885
546.41039 541.67459 553.17313 599.98971 663.34033 701.10918 736.16009 754.74625 754.11780 738.74136 707.94499 661.91181 624.60605 591.97241 566.69225
551.16779 553.58383 571.73002 620.59074 667.91924 707.79069 742.71990 759.22623 758.14042 745.36008 719.36473 674.08837 629.63035 594.10972 567.28152
549.53453 556.29976 578.55916 626.95484 668.80568 709.14727 741.74832 756.67076 756.84574 746.08024 723.25413 683.28264 635.21606 594.06164 565.74194
547.31917 557.79575 583.52861 629.42557 669.58193 711.38284 738.59233 753.53385 750.40907 742.59391 725.94095 689.08578 641.02700 597.24537 564.31566
545.27549 558.18857 587.17767 630.08438 668.86832 708.52231 731.94802 748.36459 743.04984 738.49587 724.84660 690.71226 647.25861 601.57627 564.67744
543.45221 557.67568 588.35874 628.21977 667.55244 703.38346 723.86258 741.43330 734.83087 732.00289 721.71670 691.28335 651.03003 605.78784 565.81132
540.68170 556.97286 589.42524 626.01555 664.72129 698.14179 717.41557 733.65197 728.95120 725.12020 715.78105 688.71191 652.78642 608.24280 567.99338
537.44171 555.80392 589.16387 623.06291 660.14539 694.47365 714.87979 726.26668 724.73688 719.96144 708.64038 685.63365 652.47426 610.63611 570.03093
535.39182 554.69502 587.94987 619.68288 655.15241 687.41323 707.14049 717.32460 717.41532 713.08386 701.18774 680.35159 648.70244 611.82359 572.33325
532.89642 553.57924 585.14853 613.96453 649.04255 679.26414 697.10155 707.56175 707.41255 704.17956 689.28099 673.25358 644.34024 611.20547 572.82069
529.43105 552.11256 581.66960 607.97398 640.20572 668.62558 685.79213 696.45207 696.91179 693.30237 680.15624 666.52487 638.20241 608.09099 571.73654
526.27663 548.55087 576.61077 601.03358 632.00778 659.77708 673.22733 684.82792 686.44237 682.87956 670.73760 657.95080 631.89561 602.72590 570.66371
522.18793 544.58015 569.87085 593.27755 623.77589 648.91091 662.72065 671.59882 672.93945 669.26905 658.87096 648.12801 623.60062 596.91968 567.34305
516.15747 538.59920 562.25339 585.13311 613.45562 635.80768 649.29227 658.02127 662.19837 657.05724 648.61017 638.94018 614.73100 589.89357 563.29598
509.98945 531.62440 554.84926 577.52692 603.63874 624.35759 636.24336 642.27819 645.30540 646.44219 638.36956 628.56828 607.90177 582.79731 556.62460
503.51499 524.72377 546.91419 568.68519 591.99930 612.84947 625.61278 631.08071 632.63954 631.44507 627.77535 615.69181 599.84467 574.48959 549.04528
495.89924 516.91620 538.28359 558.95866 579.72022 600.82806 612.85913 619.47579 621.19083 619.28489 612.90051 601.59064 587.07815 564.68047 541.65251
487.43324 508.57791 529.36764 548.16745 567.33367 589.32600 602.13444 609.29790 609.93306 606.92839 600.98640 588.34729 573.95003 556.19628 533.53859
478.38844 499.66484 520.60404 537.43470 556.76190 577.99136 589.45054 594.41474 597.54864 597.31005 588.58971 578.58593 566.51199 546.15341 523.89589
470.18085 490.83836 510.51210 528.00361 546.27364 565.39124 574.63863 579.68953 582.75998 584.91554 578.92784 567.37086 553.99439 535.57665 515.47157
461.99263 482.49099 500.19957 516.90436 535.30902 552.80413 562.55233 570.20394 571.01447 570.29161 568.29571 556.24906 543.01501 525.76492 505.46812
451.92971 472.43788 490.07327 506.35876 523.34471 539.42653 548.25911 561.31477 558.33462 558.54166 555.04571 547.07944 531.36325 514.78337 495.52552
442.75995 462.75113 479.19344 495.01335 511.36205 527.52431 528.24283 548.22471 538.50507 547.81757 542.77518 534.10868 520.71510 503.40585 484.30862
433.17414 452.58618 469.00235 483.03723 499.55525 515.22065 514.76293 534.67026 524.22545 537.36128 532.73443 520.34658 508.84190 492.98080 473.46263
551.11471 539.56923 541.67050 571.64376 661.39447 739.54940 762.75679 775.75030 775.79416 761.54200 737.78179 703.81167 658.48674 617.21326 597.99638
554.34198 547.27423 551.48178 592.24319 685.42448 740.72595 763.33826 778.24078 779.07256 765.80138 741.52077 708.85905 672.13832 632.85883 606.84282
554.86352 551.06597 559.34684 606.05437 695.91587 739.04313 761.10508 777.21465 778.97103 766.79351 743.57848 711.60328 676.12997 638.94988 610.36980
554.95801 554.80222 567.45347 617.23992 702.63031 738.15956 759.31921 775.89057 776.61541 767.99006 747.85180 713.49717 678.01054 642.30553 611.00472
556.85965 555.93460 572.92035 627.82906 703.58773 733.95150 755.10691 773.62639 771.26434 765.07890 748.61020 714.31636 679.00702 644.93999 611.40638
558.44015 557.44940 577.01085 636.15516 702.21894 728.67185 748.50487 768.42834 764.15676 760.43644 747.19830 714.79812 679.75374 645.70860 612.22301
558.68572 558.98499 583.35012 643.70474 698.86721 724.07963 743.97936 761.41998 759.13655 754.65486 743.55671 713.54009 680.11252 644.69699 612.03824
560.19641 560.88634 588.94698 646.80087 693.99904 719.37635 741.13451 754.49705 756.18990 748.77551 739.51040 711.50259 679.56407 643.90796 611.34078
561.03056 564.03630 594.80956 646.81619 688.95642 713.95230 733.98861 746.52833 748.12943 742.66363 732.18451 708.30178 676.56200 643.32362 610.75602
562.04506 568.69941 597.44516 644.60896 682.47167 706.80741 725.26039 737.79117 738.84314 734.58330 721.78721 703.15443 672.83593 642.14075 609.83347
559.41902 570.37086 597.15161 641.02175 674.55137 697.97255 715.84240 726.64039 729.05881 724.79577 713.32771 697.55042 667.65131 639.26578 608.72074
555.89764 567.52477 594.30677 636.38778 666.46530 689.63682 705.12413 715.05143 717.89093 715.21314 703.71875 690.39067 662.37946 634.72281 607.36027
551.13450 563.72633 590.60174 630.99548 658.70521 680.22305 695.08329 703.79801 705.34476 702.03752 692.42336 681.51360 655.26418 628.91558 603.89578
546.42883 558.59419 586.55388 624.08444 649.29134 668.31856 683.41851 691.70314 693.64057 689.90264 681.20380 672.29163 647.85381 622.79562 599.66486
541.93106 554.79639 582.50825 617.04986 640.80579 658.19226 671.39045 678.05998 679.59621 678.56770 671.21030 662.17569 640.22519 616.01495 594.09493
536.43048 550.66530 577.19506 609.03661 630.60631 648.20311 661.28163 667.23573 668.48712 665.08365 659.71415 650.35012 632.59575 608.27456 587.04373
530.18481 545.14261 570.02977 599.88571 620.14257 637.64162 649.62195 656.40012 657.28824 653.25969 645.78026 636.44285 620.62705 599.02358 579.24661
523.54643 538.51309 563.56002 589.02539 609.65647 627.28843 638.93289 646.03449 646.76143 641.82167 633.62645 622.89516 608.69526 590.93563 571.35564
515.59884 531.17753 554.94303 579.84903 599.38244 616.92368 627.75517 632.14587 635.01902 632.04307 621.51340 612.36479 600.53379 581.69365 562.10255
508.33654 523.63033 546.16522 570.22343 590.18808 606.50687 614.09611 618.04737 620.47922 620.55397 611.53470 600.28577 589.55714 571.41041 553.82525
500.63725 516.51273 536.74661 559.35756 580.04423 595.01485 602.81598 607.99403 608.46524 607.05986 600.45682 589.01718 578.11199 561.53296 544.56696
491.04621 506.32677 527.32625 549.20228 569.28869 583.76105 589.46369 598.50686 595.94285 594.78422 587.35656 579.39619 567.36992 551.23223 534.47509
482.59341 498.19829 516.68783 537.91569 557.92528 572.41647 572.61043 586.12298 578.01644 584.22299 575.44868 567.28574 556.62294 540.09504 522.73304
473.97444 489.16424 507.28245 526.71648 546.26285 560.67054 560.03227 573.62683 564.87943 573.00808 565.00124 554.20134 545.50552 530.20591 512.91767
560.91929 551.95226 550.42112 566.64268 626.22309 726.53328 793.60614 814.82078 813.91429 799.59568 765.29733 698.11723 641.75065 614.39273 614.47189
561.44840 554.86824 553.36424 574.46211 643.94594 746.18661 800.30692 815.90941 815.25534 804.14976 779.44503 724.59189 666.41486 631.41077 623.06828
561.93189 556.50538 557.40945 583.36100 659.97528 757.64554 801.54826 815.14133 814.17282 804.64399 784.54147 742.65816 684.28212 643.87007 628.60336
563.04014 558.31253 562.66384 589.51551 674.62334 766.59913 801.34355 814.47987 813.02257 804.68237 788.62042 753.64205 700.71386 657.87603 637.62636
565.97241 559.00291 565.19847 595.56401 687.44338 768.83081 798.15015 811.92003 809.46327 802.27805 788.15694 758.69279 712.96525 669.78311 646.09504
569.07150 559.96673 566.54961 602.59952 697.14068 768.70157 793.46676 807.67268 804.22808 798.12311 785.68751 759.58852 721.06843 679.29128 653.36848
570.47420 560.68671 569.61139 611.07185 702.97528 767.22197 789.10330 801.73565 800.33287 793.53486 781.49930 757.98374 726.80571 686.12918 659.40970
574.55451 561.95247 573.31987 619.19130 704.85081 764.79938 785.78911 795.78794 796.66761 788.68050 777.69158 754.76571 727.27817 690.95627 664.46974
575.69984 565.72588 577.54047 624.73134 706.50473 759.81178 779.77088 789.07486 790.04354 783.87487 771.16422 751.13969 724.90714 692.68365 667.06722
574.01094 571.06474 582.79307 628.35709 704.32773 753.97283 772.21628 781.47815 782.23099 776.41564 762.52544 745.77939 720.81649 691.66091 667.53053
572.90856 572.94647 585.93595 629.59459 700.31999 746.45321 764.02421 771.97033 773.30928 768.05711 754.85684 740.17619 715.72125 689.65029 666.63712
571.52796 570.41389 584.56675 628.48297 695.92712 739.13721 754.78903 762.04883 763.97323 759.53089 746.86191 733.14640 710.13944 685.12749 664.68069
570.10249 567.36451 581.77709 627.25613 690.12711 730.39894 745.39182 752.48367 753.53003 748.04289 736.83360 724.87629 703.35362 679.63290 660.47876
567.04299 563.51041 579.28559 621.77685 681.69950 719.93872 735.35902 742.37824 743.18357 737.77599 726.89787 716.57028 695.74657 673.15477 655.37927
563.15402 562.55131 577.54900 618.95897 674.07038 710.13736 724.13207 730.37370 731.33917 727.67333 717.82662 707.20654 687.85335 666.12279 649.72122
558.09613 558.62191 576.22368 613.28329 665.01358 699.60608 714.07799 719.78642 720.74868 715.56231 707.57683 696.64973 680.62215 659.12390 642.66267
552.23380 555.09221 569.96197 605.21283 654.03328 688.92016 703.12626 708.44345 709.52170 704.78026 695.15614 683.77624 668.66408 650.55265 634.61936
546.78768 549.63082 565.13134 596.07190 642.10056 676.69259 691.54831 698.06702 698.72715 693.91274 684.44272 671.88268 658.64509 641.69053 625.82791
540.66487 543.64459 558.83954 588.10107 631.21175 665.37006 679.77314 684.94370 687.00910 684.43244 673.20501 662.12591 649.77583 633.02393 616.69570
534.69041 537.63452 550.71071 578.92182 620.58227 652.08425 665.81922 671.79210 673.51326 672.52413 663.05445 650.65733 639.57505 622.94383 608.35120
527.97534 532.05546 543.93697 570.44480 608.11478 637.89414 653.02770 661.36954 661.69698 659.79408 652.44447 640.18766 628.88935 613.49774 598.70061
519.35422 522.08942 535.10105 558.77901 594.99769 623.73882 638.12570 651.42245 649.55445 648.11023 640.33209 629.72324 618.20688 602.80625 588.55171
512.04596 514.52006 526.48147 549.09283 581.41526 609.32683 619.97633 638.39022 633.05688 637.11664 628.98858 618.40577 607.34428 592.47023 577.34499
504.76025 508.45791 518.10123 537.76577 567.91794 594.88757 605.71486 625.48024 620.32044 625.74843 618.02544 605.65501 596.33025 581.95503 567.49521
581.96758 580.92099 583.52044 591.84625 623.26878 681.70242 758.50504 808.76964 816.34375 782.94233 729.52809 664.74610 628.45816 617.91318 628.45754
581.51735 578.87069 582.51336 592.26512 627.52359 696.93720 779.57532 833.16532 840.20425 809.66224 755.92996 688.14146 642.65543 626.71493 632.59268
581.61544 578.33375 581.05345 594.45554 633.78239 713.58741 797.49856 846.77904 852.82873 830.21191 782.97774 712.29767 659.40473 636.63880 636.83104
583.24592 578.72100 580.56333 593.23301 641.25387 728.55683 811.71074 854.36113 860.02442 843.47352 805.34930 737.13776 673.74097 645.10966 645.41134
585.93181 579.20131 580.79569 594.01397 649.25394 739.62029 819.79215 858.47368 861.94080 849.44929 818.07088 757.32804 691.04037 657.89375 655.00040
589.98781 579.85074 580.28661 596.36366 656.77935 748.75798 822.39586 857.55713 858.48502 850.17721 825.04898 774.13026 709.54217 669.71793 666.03167
591.07615 579.66815 579.77017 599.13609 663.21762 754.67959 823.43700 854.48950 855.58121 848.05532 828.04132 784.57079 726.67939 680.30664 677.16596
592.53323 581.43864 582.57465 602.57309 666.93633 759.98874 824.43161 848.93829 852.34444 843.85246 827.28389 790.70464 739.76240 693.52024 686.18493
592.21990 584.34289 584.65179 606.90827 670.39971 761.94994 819.62938 842.86266 845.57932 839.25276 822.83301 793.18594 747.59467 703.92124 694.55905
590.65728 586.51875 588.41825 610.19467 670.37410 758.86454 813.78132 834.73243 838.54691 832.59422 817.04656 791.89319 753.36776 711.66343 699.46845
590.75556 584.80245 589.99033 610.73784 668.77551 754.54892 804.93510 825.92884 829.64057 824.08658 809.89194 788.86026 752.64851 716.64308 702.60845
590.46623 581.83726 586.19708 607.75039 666.34965 747.47451 795.49470 815.71078 819.32134 814.96105 802.04866 783.41474 752.35148 717.56135 703.79572
588.72214 580.99075 582.40600 605.38284 663.63254 738.82734 784.22661 804.99952 808.81924 804.43436 793.06934 776.55293 748.85865 717.14914 703.43899
586.37322 577.29265 580.31168 603.48278 658.00083 727.63630 771.83973 792.38132 797.64603 792.97310 782.68719 768.70411 742.39259 714.94478 700.53431
582.90225 574.90035 578.20886 601.03428 650.80879 716.17525 757.81958 778.26604 785.11518 782.82654 773.55774 759.32222 736.97128 710.59249 696.86714
577.78237 572.80473 576.17178 594.99824 643.17202 703.80296 744.49004 764.90539 772.72298 770.16781 762.44402 749.66215 728.97815 705.06464 691.48536
572.46297 568.08875 570.79289 588.98146 633.45916 690.65422 729.76496 750.88701 760.01834 758.09733 750.31499 737.26290 718.21314 697.71404 685.22590
567.80283 562.69309 566.32468 581.97783 623.83263 676.92246 715.77336 738.11556 747.36088 746.23629 738.35831 725.30649 708.27560 689.67379 678.06717
562.30846 557.15127 560.37742 575.05968 614.38591 663.92424 699.74616 721.67122 732.93558 734.52224 725.94932 714.40917 699.38014 681.44699 669.49389
557.37886 552.37836 553.74768 567.70249 604.45494 648.69038 681.55971 705.29036 716.48230 720.62727 714.50331 703.32329 688.51256 672.47647 661.76048
551.60323 547.31944 548.19481 561.20487 592.36568 632.77168 665.98638 691.86212 702.78824 705.30227 702.67145 691.26716 677.75863 662.58221 653.49344
541.92845 537.74479 539.94713 552.21561 580.72305 616.75806 647.94105 679.77639 687.35191 691.35950 689.69913 679.98712 665.86377 652.31368 644.26180
536.02866 531.56335 532.55091 543.10243 569.14888 600.62244 625.85564 663.44274 667.50458 678.62911 675.73603 668.24601 655.13797 641.04037 633.55932
527.93777 526.98807 525.82810 533.75054 556.92674 586.50777 610.56594 647.50422 652.48092 665.09927 662.81221 654.74673 643.50531 630.80514 623.73558
601.19841 603.57896 609.91162 619.31348 638.91338 679.49189 739.47975 781.21894 787.03471 755.62827 709.34300 657.13362 633.49070 629.55095 638.17899
599.73559 600.56683 606.58131 615.63910 638.23455 685.50464 750.58052 796.30118 804.01934 773.77037 726.21318 671.58047 641.70353 633.53366 638.90447
600.19457 598.39991 604.64166 613.00859 639.15209 695.58859 762.08277 813.27549 824.74130 795.46429 746.67343 687.94711 652.22335 636.66321 642.74888
602.08869 599.64228 603.25973 611.17242 641.78764 705.98764 776.17645 830.52673 842.12646 818.16212 768.57023 704.92294 659.50028 641.65424 648.66125
605.33876 599.29108 600.96933 609.57236 645.36137 713.36765 787.07539 844.44294 855.14439 833.00001 787.31023 721.79060 670.51857 649.99051 657.01042
607.42064 600.96310 598.81900 608.25781 649.34832 719.51687 796.05397 851.99935 861.73409 844.34166 802.76841 739.38816 682.88212 658.66815 665.74618
606.19894 601.36962 599.20580 609.60971 652.06471 724.20835 801.70221 855.48867 865.61716 850.87251 814.01403 755.10823 695.87034 664.84373 675.22404
604.29242 602.18221 601.34327 610.05111 653.58152 728.92873 807.88744 854.53324 868.16127 853.89958 821.97086 767.86704 709.62612 674.51179 684.25806
602.70828 601.77889 602.28187 612.65931 655.26339 731.63172 806.92787 852.31620 864.48308 854.81547 824.15918 777.86150 721.96940 683.74324 693.24080
603.20590 598.64939 602.34476 613.36916 654.33449 731.47853 803.06141 845.75537 858.57615 850.48966 823.70177 783.49872 729.07416 693.23788 699.97959
602.15265 597.90048 599.13108 610.88309 652.03573 727.48801 796.49199 837.34839 850.67295 844.97007 819.98076 784.65965 735.09264 698.64370 704.21470
601.34076 596.50439 594.25078 607.60810 648.85930 721.48142 786.58914 826.70092 840.66790 837.46148 814.94665 784.27771 738.62845 703.09538 707.51654
599.16309 593.23642 592.11216 604.32405 646.17476 715.36685 775.86960 813.73344 828.33298 826.52866 808.50114 780.53350 739.41035 705.16249 712.28721
595.27471 589.84447 590.55017 601.47444 641.34999 706.24787 761.60965 798.08359 815.49596 814.61395 798.89077 775.40485 738.47528 707.26705 712.47517
593.90927 586.57614 586.95678 598.59070 635.58643 695.65913 746.85663 780.74038 799.03187 802.76920 789.98262 767.26679 734.71065 704.69551 709.59947
589.75046 582.82334 583.52751 594.00689 627.85646 684.13240 730.95857 764.67357 783.51399 788.35555 778.68839 759.23197 730.29756 702.16053 705.51891
585.91015 577.66736 579.48491 588.84510 619.90580 672.42209 714.81040 747.58292 767.36915 773.52046 766.08312 745.64278 721.75054 696.74135 702.33036
580.08950 572.78752 572.75879 582.35447 611.64310 658.14150 699.36753 732.01243 751.42316 759.12444 751.53673 734.68551 713.64233 690.55118 697.05040
574.87080 566.51127 568.47605 576.24861 603.74263 646.69749 681.31005 712.78321 734.24481 745.53104 738.11009 723.47318 705.15253 684.59409 691.44773
569.21443 560.42225 561.45362 570.38738 595.87207 632.11568 663.65116 694.12874 714.44062 727.28168 724.89644 711.20767 695.45835 675.77900 686.57885
563.25258 557.70033 555.82409 561.61766 585.23611 618.09930 647.24933 677.86878 697.14273 708.13953 711.49822 698.79479 684.06433 666.87432 678.67872
553.16443 548.40924 548.82068 556.46267 575.31621 602.94895 630.51505 664.53960 679.22802 692.25811 695.56366 686.27876 672.67964 657.35531 670.89797
546.44098 541.51863 541.56544 548.24626 565.01788 588.45417 609.98629 648.14102 657.37740 676.60558 679.50907 674.06449 660.16624 647.19459 660.77923
539.26559 534.52365 534.75068 539.02697 554.06592 575.77276 594.98704 631.47091 640.57520 660.17993 665.39415 659.80486 649.13469 637.34428 652.57840
648.79197 648.23257 658.02223 670.13113 680.93666 702.12816 738.27973 764.31999 765.83181 743.08931 713.90027 682.50436 669.40605 663.22581 669.97973
647.93924 646.90891 654.19126 663.71881 676.30184 703.09278 741.67769 772.62560 776.16296 752.49250 719.75322 686.38936 669.66817 661.33715 669.45938
645.23608 647.81225 652.15214 659.05161 674.14310 706.09246 747.31253 783.94143 790.45190 767.13493 731.63996 691.68521 668.82133 661.23054 670.41772
643.23741 648.74229 653.13954 656.66313 674.16936 708.71029 755.04360 794.76914 806.12377 783.51146 743.90301 700.28780 672.19136 664.02366 673.18622
642.34323 645.93552 651.75997 656.83758 674.78451 710.09904 760.64264 804.72478 817.42288 796.34552 757.35730 710.62891 677.13073 666.85954 678.58817
643.04424 642.38088 648.82531 653.94287 673.46744 711.17868 765.64468 810.89812 823.33150 807.44112 768.83258 721.13840 683.59338 669.80606 683.30718
642.06071 639.15545 644.99431 651.93213 670.42274 712.56817 767.32024 812.86372 826.95796 814.65866 779.14614 731.68152 689.46810 671.90728 689.62458
640.36954 638.30013 641.63436 647.66153 666.78947 713.03948 767.93349 811.04929 830.24477 818.77303 786.89670 742.08293 697.93019 677.50274 695.50944
639.42609 637.77068 639.38775 642.91197 664.89799 711.89877 766.55661 809.14186 827.32210 822.30543 791.87272 750.71361 706.21404 681.19496 702.24668
639.80075 635.77542 637.75635 642.06799 663.67707 708.62307 761.04761 802.76705 821.35473 818.79826 793.24310 756.19017 710.26130 687.24402 708.25162
636.64777 635.99526 634.88829 640.14456 661.32917 704.03008 753.43791 793.49876 813.37238 813.29896 792.57418 759.19819 716.99509 689.28773 710.27820
636.78405 633.11298 631.74029 636.73996 656.02440 699.26320 744.96694 782.82683 803.81854 806.39803 788.89998 758.27389 719.38001 691.62529 711.30941
635.40414 628.89904 629.25686 633.17733 652.63065 692.44226 734.47576 770.14471 791.37245 795.52720 783.05264 756.45099 719.98192 693.68273 713.56357
632.52993 626.52164 625.31613 628.37460 647.58080 685.56590 721.59802 754.60596 777.49344 783.47634 774.41201 752.75863 720.60671 695.09996 713.99195
630.16159 623.32770 622.94795 625.14056 642.80062 677.67994 709.45807 737.51511 761.91468 770.19872 763.55391 745.47933 718.07122 693.35501 711.58445
626.36149 619.46224 618.44952 620.77767 637.47464 668.69026 696.27180 721.45256 745.71577 755.90999 753.26565 738.56160 715.66480 691.54156 708.30231
621.07903 615.13536 615.04121 617.21074 631.43832 659.77291 682.39713 706.36984 728.77522 741.54120 740.21261 727.91776 709.00775 687.40558 705.29748
614.94497 609.99378 608.91048 610.28560 624.86140 648.58778 669.81187 692.35848 712.69510 727.25649 727.45519 717.55711 701.68626 681.74266 699.83472
608.68458 604.11448 605.09857 605.81672 618.65663 640.28921 656.70501 676.24764 697.46245 711.81178 713.22557 706.64700 693.33239 677.29345 696.67778
602.10139 597.11720 599.63150 600.85557 612.99244 629.89296 642.61821 659.54634 678.06880 695.03917 701.27214 694.97854 684.76337 669.27087 692.08690
595.59457 592.59038 592.81507 594.21864 605.64255 619.29129 632.07222 647.85209 662.92581 677.48511 687.25613 682.17522 673.73020 661.91139 685.82458
586.41874 584.38826 584.66961 587.84569 596.73149 608.09706 618.98304 636.43285 648.70895 662.89998 671.94794 670.75900 663.91869 652.03033 679.52680
579.34650 576.10284 576.52112 579.15518 589.00233 596.59295 603.10648 622.86831 629.88785 648.13959 656.85089 659.15737 651.66811 643.62835 670.14051
572.05793 567.25157 569.01041 571.33397 578.50520 587.99777 592.26292 610.64254 616.34687 634.21163 643.91076 645.07595 640.69033 634.30813 663.95048
689.67847 695.90166 710.73579 726.09388 734.45363 740.56066 748.24144 756.83547 756.04392 744.03026 728.22225 712.24786 706.00840 701.17996 706.90509
687.89967 692.24558 704.33806 716.56190 725.30757 732.52405 742.91717 756.03409 757.17130 744.81574 729.75009 711.63514 703.80037 698.72452 705.68923
685.29189 690.86558 699.71028 709.16395 718.12213 726.17871 741.66360 756.88976 757.83124 748.13270 733.10090 713.91978 702.44076 697.52116 705.47283
684.18116 689.40262 697.04920 703.21839 711.10377 722.90485 741.85718 757.44828 761.85822 752.57183 736.84154 715.63093 701.79744 696.80546 707.09679
683.70619 686.35578 693.79956 699.96785 706.11803 721.46608 740.89298 758.77868 766.26782 755.48690 739.51400 719.62103 701.09916 697.26245 710.22153
683.05184 684.00667 689.47243 695.31519 704.40370 718.73443 738.95539 759.32211 766.91307 758.60922 742.75016 722.26357 704.29989 698.54945 711.37052
682.85219 681.80560 685.75025 690.94690 699.76846 715.66024 737.50173 760.13805 769.28688 762.38466 745.80553 726.90359 705.01047 699.24065 715.25706
681.16943 679.52093 684.10316 687.33370 695.98653 713.33444 735.84795 756.92789 770.09239 763.20065 748.92886 730.75174 708.74819 700.59415 717.89567
680.72151 677.60248 681.11761 683.47954 692.44929 709.97556 731.49618 755.21075 766.24742 764.73108 750.23470 733.70620 712.49348 699.81603 722.81098
681.78877 676.41724 678.19589 681.08125 689.17353 706.33308 728.59777 751.57966 761.51339 761.71915 749.67180 735.01241 713.42932 701.41464 725.03761
677.61548 676.94122 675.65598 677.39593 685.63987 702.51596 723.03517 744.06084 757.88042 757.08670 746.76760 734.19216 715.73013 700.97849 725.07335
677.26366 673.89011 671.93539 674.28340 682.42141 699.25735 718.35902 736.74487 750.35704 751.34792 743.78788 732.60166 716.01324 701.21305 725.55646
674.92282 669.77917 671.02858 669.54611 679.42591 696.02064 713.23029 728.75407 742.62976 746.01778 739.10246 730.52305 714.55427 702.04631 724.88590
670.87821 667.92763 667.75746 666.53379 674.81323 691.04753 704.40444 721.44702 733.62761 738.85818 733.50084 726.72834 713.20920 700.95373 723.11248
667.25490 663.22689 663.69053 663.79323 673.06349 686.81967 697.20766 711.53820 723.74422 731.22844 727.17316 720.79451 710.60481 698.29719 720.00055
662.99142 658.43651 659.56076 660.84852 668.41079 680.65657 690.21865 701.65380 714.00534 720.73315 719.21410 713.15462 707.24849 695.92992 717.25734
656.73077 652.89230 654.51335 656.40289 663.34091 674.54414 682.48436 693.55191 704.25268 711.90294 711.23949 706.82029 701.57069 692.09406 713.85324
651.32167 646.76688 648.03348 648.19649 656.36894 666.42228 674.43843 685.89426 696.60791 701.05539 701.48094 697.41594 694.89923 685.94617 709.21637
645.39580 641.31812 641.99819 643.77334 649.80504 659.66950 668.33542 676.19600 686.76352 690.85848 692.91578 689.23990 686.45273 680.14557 704.70098
638.33227 634.81785 634.80107 637.68387 644.92958 654.18335 659.08212 666.52291 675.30823 681.58388 684.98757 680.78642 678.93239 672.90886 701.53865
630.95975 629.02453 628.66802 630.64634 638.64593 645.44203 651.90332 659.97162 666.24176 670.60351 674.69547 671.74369 668.94743 665.97958 695.70225
620.81999 620.98423 620.78160 624.62527 630.55863 637.59612 642.14386 653.22216 657.99360 661.46206 664.45515 663.35878 660.08082 658.18819 689.40479
613.25822 612.13740 612.60673 617.48033 622.04078 629.37976 630.56903 643.82548 644.15333 651.88632 653.47233 654.00117 649.71234 648.92028 681.46108
605.72021 603.38757 606.12758 608.52261 613.60161 623.08362 620.52313 633.88050 633.92260 643.22403 644.36856 643.59932 640.44967 640.98515 676.31189
737.72482 748.58465 763.36328 782.49256 789.14556 790.70588 790.50681 788.61688 784.43639 776.19891 768.60829 757.20107 751.09863 745.79012 752.03824
734.90073 743.17170 755.45342 771.17436 779.73536 780.95127 782.32360 782.01148 778.52937 770.89800 763.70181 753.58742 746.85924 744.61018 749.54195
732.16920 738.34356 749.56591 762.94725 770.49553 772.75434 776.42243 776.99845 774.96685 767.16747 761.33443 750.86843 744.96602 742.11119 748.31916
731.73048 735.92843 745.00579 755.27318 763.65786 766.60961 770.72879 775.65019 774.26707 766.80034 759.88361 749.27396 743.06651 741.54451 748.17079
732.05907 733.08003 740.69025 749.48354 756.99463 762.00898 767.59397 773.27040 772.99349 766.27383 757.65524 749.93201 740.66367 739.90675 748.12207
729.88335 731.69437 737.03160 743.62508 751.42348 757.27811 763.48620 770.50816 771.19989 764.99049 756.91525 749.36973 740.38153 739.84605 747.40045
729.95468 730.00708 732.30011 738.55385 746.32992 753.00042 760.80504 769.17473 770.83410 765.52028 757.44224 749.39347 739.15271 736.81661 749.74851
727.42154 727.33980 730.79089 736.28536 740.44910 750.20395 760.25457 766.81796 771.49727 764.91787 755.68702 750.16572 738.24320 734.44458 752.64494
725.95553 724.63287 728.92394 732.79409 738.34298 749.15715 756.12006 765.04928 768.04752 764.94711 754.62014 748.98528 736.67176 732.92846 753.89486
724.19691 722.49341 725.84076 729.43207 736.27523 745.02317 753.11561 760.43842 763.87986 760.95253 753.00224 746.65678 736.59960 732.08338 752.82184
721.24811 719.92991 721.96440 725.72411 732.59059 742.01318 749.16603 756.25110 760.90742 758.84540 750.20386 744.14117 735.38987 730.23594 750.57169
719.75569 716.59755 718.64196 722.16335 728.65102 738.10588 743.61328 750.16066 755.50623 754.09501 747.68439 743.85911 733.85245 727.90936 748.56786
717.39791 711.94521 713.70720 717.56303 725.97574 733.69764 740.08599 744.44727 750.46051 751.17127 745.66485 742.18708 732.16222 725.33973 747.00877
712.05893 708.74771 710.63430 713.23994 720.22107 728.85033 731.86820 737.64895 744.69206 746.63694 743.60142 735.98306 727.89734 721.54645 743.62429
707.61079 705.13346 705.22662 708.57155 716.52364 724.93466 727.11329 731.67526 736.88205 741.68206 737.36717 731.21264 724.77498 719.15642 740.04973
702.20711 700.23355 702.11691 705.33556 710.79872 718.97709 720.45741 726.13245 730.08737 734.12570 730.90077 724.78377 721.55323 714.11270 735.88825
694.87848 693.50572 696.93073 699.19690 706.61376 714.79209 715.10787 721.21548 724.02353 726.92421 725.50646 720.53533 716.39534 709.50564 733.29336
688.87826 687.10981 691.04490 693.88219 700.95675 707.88865 709.57475 714.99666 719.71935 718.25445 719.34589 713.32455 709.40381 704.30158 729.59057
680.88298 681.33463 683.75405 688.44938 693.09604 699.90309 703.88287 706.58380 711.30240 712.40303 712.39725 706.37934 703.05531 697.53354 724.50169
673.43176 673.96570 676.03695 680.33975 687.69445 693.61967 695.80112 698.48429 701.22469 704.31041 704.43855 698.52695 696.48113 692.45052 721.56971
665.83059 666.32060 669.51146 673.24245 679.37639 684.77140 688.79598 690.79810 693.38825 695.76726 696.31018 691.96896 688.74107 685.64656 715.34191
654.55025 656.50483 662.14553 666.61708 671.35108 675.53924 679.33184 684.39674 686.79174 687.84256 686.74749 685.09369 682.08802 679.33076 711.11588
647.22924 647.54893 652.92696 658.56179 661.63953 668.31209 668.39213 676.83542 674.66798 678.79379 676.46580 678.65101 674.98545 671.24391 703.91287
639.94165 638.40088 644.01819 648.92740 652.70614 658.94033 658.39099 667.94366 664.92316 670.10512 669.03664 669.72577 666.88736 665.27288 700.22158
