3.20365 3.34019 3.33980 3.12375 2.73735 2.41575 2.25510 2.36308 2.70061 3.22147 3.81233 4.08483 3.95536 3.75237 3.49463
3.04400 3.12732 3.06450 2.76876 2.34369 1.95475 1.81019 1.90761 2.29530 2.85267 3.43208 3.77412 3.71968 3.56708 3.30577
2.98604 3.02878 2.91705 2.55763 2.07041 1.73793 1.62928 1.72259 2.06742 2.65854 3.25032 3.65532 3.62570 3.47566 3.24431
2.92648 2.93753 2.77443 2.36661 1.87419 1.61607 1.53727 1.60741 1.90577 2.49571 3.09726 3.54071 3.57460 3.40227 3.19879
2.85386 2.83642 2.63566 2.18327 1.72833 1.53026 1.48011 1.52079 1.80594 2.34348 2.95372 3.42329 3.51553 3.34427 3.16616
2.77392 2.74029 2.50326 2.01376 1.61939 1.46387 1.44393 1.47045 1.72964 2.20220 2.82701 3.30338 3.42096 3.29140 3.12501
2.69303 2.64588 2.35761 1.87249 1.55041 1.41656 1.40373 1.44411 1.65986 2.08051 2.71484 3.19254 3.33739 3.24848 3.08097
2.62518 2.54433 2.22118 1.76183 1.49808 1.37291 1.36175 1.42091 1.58606 1.98422 2.61164 3.10452 3.25590 3.19683 3.03228
2.56389 2.44497 2.09288 1.68210 1.45271 1.35585 1.35701 1.41755 1.56512 1.91095 2.52507 3.01138 3.20198 3.15041 2.98580
2.50275 2.34724 1.97218 1.61503 1.43340 1.35734 1.36908 1.43220 1.56291 1.87032 2.44973 2.94108 3.14466 3.10462 2.95836
2.41902 2.25091 1.88821 1.57223 1.41294 1.37170 1.38713 1.45398 1.57154 1.85271 2.38057 2.87847 3.09627 3.07188 2.93568
2.34918 2.15789 1.82556 1.52710 1.40247 1.37974 1.41556 1.48598 1.59116 1.83062 2.32741 2.81262 3.04595 3.03519 2.90981
2.27122 2.07954 1.77014 1.48569 1.40184 1.39754 1.45862 1.53356 1.63911 1.82020 2.29325 2.75672 2.99429 3.00495 2.87413
2.20459 1.99873 1.70974 1.46114 1.39909 1.43449 1.53234 1.61143 1.69870 1.85105 2.26053 2.70517 2.93901 2.96275 2.84710
2.13985 1.92903 1.68309 1.45639 1.43809 1.48112 1.57993 1.65078 1.73623 1.91249 2.23320 2.66842 2.89815 2.93100 2.82512
2.08429 1.89388 1.64307 1.45651 1.45203 1.51135 1.60973 1.70060 1.79278 1.93394 2.26365 2.63197 2.85736 2.90056 2.79559
2.03409 1.83429 1.60241 1.47087 1.49253 1.55080 1.65143 1.74106 1.84046 1.96635 2.26370 2.60977 2.81889 2.86204 2.77427
1.98185 1.81015 1.58085 1.49102 1.49991 1.58264 1.67838 1.77429 1.87142 2.01307 2.28032 2.58962 2.77697 2.82811 2.74715
1.92436 1.77384 1.56735 1.48928 1.50196 1.59488 1.72903 1.86113 1.93420 2.05079 2.30069 2.57629 2.75121 2.80473 2.71915
1.88154 1.73685 1.55386 1.49336 1.50694 1.62794 1.79075 1.93048 2.01145 2.10973 2.30840 2.56872 2.73077 2.77489 2.69999
1.83010 1.69333 1.54463 1.47011 1.50344 1.66740 1.83451 1.95272 2.06666 2.18118 2.32878 2.56492 2.70656 2.74239 2.67466
1.78937 1.64908 1.51012 1.43843 1.51105 1.68570 1.89462 1.97706 2.14836 2.22550 2.36397 2.55764 2.68762 2.71897 2.65894
1.74344 1.61443 1.46870 1.39495 1.50152 1.67720 1.97344 2.00728 2.24204 2.26147 2.39278 2.54693 2.67077 2.69991 2.64063
1.68406 1.56158 1.40039 1.35686 1.45554 1.64708 1.95438 2.02197 2.26063 2.27798 2.40092 2.55056 2.65324 2.67548 2.61909
3.66726 3.86251 3.94831 3.81175 3.44187 3.16564 3.04475 3.13419 3.45039 4.05202 4.78293 5.02673 4.72945 4.36018 3.98353
3.52506 3.65850 3.67073 3.45195 3.08692 2.83848 2.73632 2.81596 3.09113 3.62366 4.25598 4.60467 4.39420 4.11569 3.81021
3.47355 3.57407 3.53642 3.24576 2.90619 2.67958 2.60031 2.68075 2.94175 3.42273 4.03968 4.41887 4.25417 4.01144 3.74791
3.41363 3.49415 3.40388 3.08010 2.76736 2.56863 2.50838 2.57635 2.81840 3.26433 3.86180 4.25633 4.18437 3.93777 3.69972
3.33639 3.39640 3.26484 2.95181 2.65252 2.48453 2.43674 2.49055 2.73338 3.12414 3.70253 4.12230 4.09978 3.87659 3.65757
3.24954 3.29327 3.14230 2.83610 2.55827 2.41247 2.38729 2.43180 2.66294 3.01731 3.56127 3.98184 3.99198 3.81981 3.61363
3.17386 3.19923 3.03043 2.73743 2.49208 2.35876 2.33855 2.39708 2.59925 2.92993 3.43765 3.86278 3.90971 3.76885 3.56312
3.11708 3.11424 2.93722 2.64857 2.43590 2.30834 2.28887 2.36770 2.54001 2.85895 3.33087 3.76189 3.82831 3.70686 3.51058
3.07187 3.03649 2.85041 2.57886 2.38780 2.28526 2.27917 2.35711 2.51566 2.80037 3.24959 3.66655 3.76568 3.65296 3.45724
3.02457 2.96401 2.77108 2.52252 2.35935 2.27426 2.28557 2.36451 2.50909 2.76787 3.17810 3.59249 3.70552 3.60429 3.42536
2.95973 2.89985 2.71008 2.48108 2.33513 2.28435 2.30099 2.38232 2.51053 2.74966 3.11484 3.53066 3.65136 3.56912 3.39486
2.91098 2.84040 2.66376 2.43758 2.32042 2.28804 2.32762 2.41481 2.52834 2.72874 3.06595 3.46042 3.60241 3.53308 3.36344
2.85610 2.79319 2.61982 2.40052 2.31857 2.30363 2.36944 2.44719 2.55893 2.71797 3.03389 3.40290 3.54841 3.50014 3.32097
2.81518 2.74349 2.57083 2.37947 2.31470 2.33826 2.42823 2.50546 2.59834 2.73188 3.00637 3.34478 3.49046 3.45749 3.28556
2.77502 2.69914 2.54722 2.36997 2.34831 2.38200 2.46840 2.53260 2.62374 2.77050 2.97952 3.30217 3.45388 3.42273 3.26611
2.74015 2.67429 2.51450 2.36965 2.36009 2.41197 2.49582 2.57321 2.66251 2.78553 2.98923 3.25956 3.41364 3.38985 3.22884
2.71148 2.63268 2.48235 2.38279 2.39423 2.45040 2.52966 2.60707 2.69799 2.80610 2.98615 3.23167 3.37158 3.35067 3.20269
2.68158 2.61866 2.46710 2.39937 2.40613 2.48098 2.55589 2.63713 2.71998 2.83332 2.99368 3.20896 3.32074 3.30884 3.18115
2.64932 2.59360 2.45992 2.40423 2.41764 2.49706 2.59718 2.69180 2.76242 2.85614 3.00578 3.18588 3.28802 3.27953 3.15128
2.62123 2.56756 2.45004 2.41529 2.43106 2.52783 2.64182 2.73831 2.81093 2.88890 3.00588 3.16971 3.26857 3.24547 3.13126
2.58960 2.54362 2.44844 2.40528 2.43930 2.56396 2.67652 2.75275 2.84595 2.92923 3.01765 3.16746 3.23992 3.21481 3.11094
2.56737 2.51834 2.43152 2.39401 2.45517 2.58608 2.71931 2.77855 2.89453 2.95839 3.04028 3.15367 3.20912 3.18200 3.09476
2.53828 2.49759 2.40988 2.37288 2.46337 2.59566 2.77439 2.80305 2.95549 2.98259 3.06383 3.13879 3.19146 3.16031 3.07778
2.50331 2.47008 2.37369 2.35881 2.45041 2.59218 2.77534 2.82053 2.97119 2.99752 3.06855 3.13756 3.16674 3.13761 3.05994
4.08997 4.43004 4.69221 4.65289 4.22608 3.91078 3.77938 3.90536 4.35407 5.18454 5.77943 5.83550 5.53558 5.12266 4.56545
3.94182 4.19036 4.34458 4.17135 3.80867 3.56322 3.46851 3.56195 3.89281 4.64685 5.39507 5.56936 5.27218 4.88644 4.34723
3.89457 4.10301 4.17269 3.93624 3.61322 3.39322 3.30081 3.40700 3.70657 4.32427 5.15334 5.40659 5.11769 4.73465 4.25994
3.83498 4.00587 4.01933 3.75063 3.46684 3.24518 3.16956 3.26409 3.55824 4.08538 4.90602 5.23909 5.02764 4.60977 4.18917
3.77152 3.90699 3.88044 3.61609 3.33388 3.13514 3.08267 3.15248 3.44703 3.89223 4.64884 5.08761 4.91326 4.49550 4.12187
3.70474 3.82603 3.76152 3.49730 3.21596 3.05408 3.02435 3.08077 3.35347 3.75332 4.39980 4.90446 4.74499 4.39301 4.06005
3.63882 3.74947 3.64895 3.39259 3.13101 2.99630 2.97200 3.03649 3.26984 3.64796 4.21170 4.72725 4.59619 4.30400 3.98784
3.58817 3.67159 3.55333 3.29150 3.06545 2.94437 2.92537 3.00094 3.19562 3.56471 4.06121 4.53126 4.46571 4.20585 3.91580
3.54920 3.59769 3.46775 3.20575 3.01260 2.91373 2.90620 2.98220 3.15928 3.49874 3.94777 4.36580 4.35884 4.12728 3.85303
3.51089 3.53089 3.38853 3.13499 2.97728 2.89574 2.90155 2.98042 3.14481 3.45636 3.86833 4.25090 4.27289 4.05626 3.82129
3.45287 3.46858 3.32038 3.08244 2.94656 2.89496 2.90781 2.98792 3.14037 3.43000 3.79610 4.15778 4.18764 4.01145 3.78893
3.40891 3.41574 3.26500 3.03514 2.92889 2.89294 2.92238 3.01290 3.14844 3.40341 3.73381 4.06468 4.12262 3.96812 3.75619
3.36083 3.36573 3.20790 2.99930 2.91950 2.89762 2.94831 3.03241 3.17351 3.38162 3.68879 3.98681 4.05291 3.91861 3.71909
3.32396 3.31682 3.15212 2.97465 2.91284 2.91976 2.99615 3.07979 3.21052 3.38886 3.65381 3.91987 3.97270 3.86657 3.68477
3.28890 3.27044 3.11746 2.96327 2.93305 2.95352 3.03160 3.11047 3.24246 3.41752 3.61864 3.85946 3.92083 3.82628 3.66986
3.25443 3.23558 3.08190 2.95875 2.93908 2.97877 3.06139 3.15809 3.28334 3.42831 3.61644 3.81836 3.86845 3.79245 3.63862
3.22839 3.18703 3.04641 2.96712 2.96500 3.01616 3.09742 3.20379 3.32329 3.44358 3.60634 3.78116 3.82060 3.75288 3.61421
3.19266 3.17202 3.03151 2.97604 2.97551 3.04678 3.13707 3.24568 3.34936 3.46688 3.60539 3.75744 3.77269 3.71628 3.59392
3.15918 3.13959 3.02283 2.97937 2.99074 3.07430 3.19175 3.30905 3.39144 3.48630 3.61161 3.72755 3.73878 3.68608 3.56482
3.12936 3.10909 3.01269 2.98975 3.00928 3.11431 3.24566 3.35241 3.43721 3.51453 3.60570 3.70767 3.72153 3.65541 3.54556
3.09250 3.08549 3.01574 2.98703 3.02584 3.16129 3.28820 3.37551 3.46995 3.54821 3.61218 3.69804 3.68973 3.63100 3.52539
3.07349 3.06376 3.00594 2.98319 3.05201 3.19942 3.33812 3.39866 3.51529 3.57355 3.63113 3.68161 3.66663 3.60429 3.50973
3.04434 3.04588 2.99149 2.97730 3.07378 3.22461 3.39452 3.43282 3.57097 3.59430 3.64311 3.66118 3.64569 3.57964 3.49073
3.01562 3.02368 2.97378 2.97896 3.08205 3.24090 3.40991 3.46196 3.59438 3.60777 3.64316 3.65392 3.61969 3.55929 3.47132
4.72188 5.21278 5.58998 5.74107 5.53002 5.25620 5.11084 5.34512 5.85330 6.34112 6.55965 6.52104 6.25573 5.86244 5.31609
4.56536 5.00440 5.36032 5.38654 5.08071 4.74471 4.58938 4.81811 5.41496 6.05889 6.35916 6.35544 6.08355 5.69351 5.14073
4.50377 4.91585 5.19256 5.10595 4.73828 4.39010 4.27565 4.49026 5.10818 5.80908 6.21832 6.24654 5.95514 5.56594 5.03783
4.40692 4.80129 5.01466 4.82251 4.43541 4.14851 4.07498 4.25115 4.80762 5.55368 6.07082 6.13949 5.85438 5.44892 4.93921
4.30913 4.67109 4.83895 4.57994 4.20381 3.98135 3.93366 4.07508 4.55478 5.28333 5.87807 6.01541 5.73701 5.34186 4.84147
4.22214 4.55316 4.65910 4.35083 4.03760 3.85486 3.83995 3.95346 4.37349 5.04475 5.65290 5.85890 5.60006 5.21858 4.74867
4.13616 4.42414 4.46019 4.17300 3.91961 3.76853 3.76051 3.88231 4.22442 4.84264 5.47147 5.69562 5.47275 5.10596 4.62854
4.07220 4.30685 4.27765 4.04585 3.82701 3.69477 3.69947 3.82415 4.11015 4.67322 5.27896 5.55402 5.34504 4.97601 4.49766
4.02486 4.20260 4.15578 3.93793 3.75003 3.64809 3.66665 3.78936 4.04832 4.52954 5.11109 5.40354 5.22850 4.85610 4.39320
3.97862 4.11445 4.04934 3.84929 3.69308 3.62133 3.64833 3.76893 4.01297 4.43575 4.98078 5.27551 5.11510 4.75275 4.34427
3.91374 4.03596 3.96113 3.78169 3.64945 3.60758 3.64463 3.76532 3.98880 4.36165 4.85236 5.14219 5.00079 4.68481 4.29556
3.86399 3.97572 3.89310 3.72223 3.61941 3.59630 3.65170 3.78106 3.98086 4.30195 4.74372 5.01054 4.90121 4.61742 4.23716
3.81038 3.90663 3.82731 3.67277 3.59987 3.59683 3.67217 3.79176 3.99545 4.24943 4.64086 4.88752 4.81069 4.52350 4.18045
3.77247 3.85429 3.77288 3.64204 3.59090 3.61257 3.70867 3.84003 4.01525 4.23169 4.55867 4.78280 4.69792 4.43664 4.12724
3.74056 3.80389 3.73161 3.62397 3.60079 3.63862 3.74341 3.86315 4.03828 4.24194 4.48454 4.68190 4.61315 4.37227 4.10345
3.70632 3.76598 3.69653 3.61233 3.60611 3.66119 3.77558 3.90145 4.06548 4.24447 4.45554 4.59792 4.51947 4.30773 4.06316
3.68618 3.72331 3.66277 3.61177 3.62548 3.69925 3.81560 3.94185 4.09785 4.25089 4.41925 4.53000 4.42431 4.23816 4.03279
3.65807 3.70485 3.64583 3.61546 3.63689 3.73884 3.85566 3.99040 4.12481 4.27741 4.38211 4.46143 4.32723 4.19531 3.99839
3.63101 3.67913 3.63100 3.62194 3.65645 3.77030 3.90537 4.04877 4.17195 4.29952 4.37835 4.39074 4.27268 4.15107 3.95709
3.61083 3.65656 3.62363 3.62695 3.67768 3.81050 3.96091 4.10574 4.24009 4.32670 4.34710 4.34317 4.23864 4.10631 3.93394
3.58182 3.63076 3.62333 3.62760 3.70222 3.85695 4.01113 4.14421 4.28583 4.36259 4.33924 4.31905 4.19664 4.07156 3.90773
3.56883 3.61429 3.61464 3.62840 3.73262 3.90435 4.07554 4.18289 4.35546 4.38006 4.35288 4.28153 4.16363 4.03659 3.88784
3.54443 3.59790 3.60539 3.62871 3.76259 3.93491 4.15321 4.20624 4.42017 4.39544 4.34367 4.24102 4.13351 4.00121 3.86545
3.52349 3.58472 3.59364 3.63788 3.77986 3.95684 4.12469 4.12298 4.38904 4.37885 4.33357 4.21579 4.09488 3.97693 3.84354
5.35200 5.85603 6.22832 6.42656 6.39807 6.34655 6.32657 6.48899 6.75813 6.98063 7.07972 7.01236 6.74621 6.41307 5.94309
5.22776 5.70451 6.08408 6.21758 6.15470 6.05632 6.02723 6.20245 6.53015 6.80595 6.92416 6.86952 6.60621 6.30321 5.80144
5.15609 5.62359 5.97637 6.04020 5.91470 5.76292 5.71636 5.96852 6.35013 6.66196 6.81068 6.77237 6.51404 6.19913 5.68322
5.05523 5.51497 5.83962 5.82536 5.64682 5.46626 5.42911 5.69980 6.15365 6.50771 6.70621 6.68025 6.43623 6.10023 5.59602
4.94602 5.39819 5.67958 5.59361 5.41255 5.21175 5.19972 5.44951 5.94978 6.33519 6.56953 6.57295 6.34590 5.99751 5.48969
4.83713 5.29475 5.52884 5.40481 5.17541 4.97195 4.99766 5.24098 5.76535 6.17941 6.41472 6.46154 6.23775 5.89470 5.39632
4.71461 5.18146 5.35325 5.19891 4.97037 4.78623 4.82377 5.08445 5.58036 6.03192 6.29080 6.33984 6.13231 5.77752 5.28151
4.63205 5.06314 5.17979 5.01294 4.79789 4.63539 4.68611 4.95101 5.41602 5.89008 6.15888 6.22791 6.02001 5.64616 5.13754
4.56684 4.94065 5.00170 4.83618 4.64817 4.53373 4.59788 4.85515 5.29866 5.74289 6.03556 6.11786 5.90994 5.52011 5.02562
4.49609 4.81462 4.84995 4.69531 4.53378 4.45877 4.54628 4.78462 5.21682 5.62303 5.93352 6.01817 5.79552 5.41588 4.95460
4.41923 4.71755 4.71619 4.57773 4.44926 4.40967 4.51771 4.76742 5.15281 5.53494 5.80064 5.90614 5.68430 5.34588 4.89745
4.34367 4.62610 4.60840 4.47276 4.37391 4.37768 4.52547 4.78680 5.11895 5.45106 5.67356 5.76366 5.57752 5.26572 4.82363
4.26451 4.52095 4.51007 4.38639 4.32291 4.36738 4.54583 4.77895 5.12115 5.37425 5.56409 5.63322 5.48460 5.16463 4.74282
4.21444 4.45297 4.43580 4.32818 4.30009 4.38463 4.59555 4.84937 5.12627 5.32518 5.47763 5.53701 5.37858 5.06688 4.67835
4.17131 4.37644 4.35975 4.27970 4.29560 4.42216 4.64853 4.87649 5.14580 5.30864 5.39270 5.43317 5.27535 5.00080 4.63256
4.12633 4.30729 4.29502 4.23955 4.30841 4.45345 4.68890 4.92586 5.15807 5.28904 5.34779 5.34451 5.16972 4.92751 4.58524
4.09433 4.23182 4.22283 4.23133 4.32620 4.49477 4.73076 4.95617 5.17675 5.26264 5.30088 5.26494 5.07025 4.83163 4.52091
4.05708 4.18733 4.18523 4.22444 4.34026 4.54955 4.77543 5.00365 5.18861 5.25222 5.25082 5.18980 4.98250 4.78308 4.47091
4.03142 4.14830 4.15889 4.23010 4.35913 4.58908 4.82154 5.02494 5.21708 5.24804 5.21173 5.11870 4.90999 4.71666 4.41630
4.00487 4.11392 4.13957 4.22878 4.38156 4.63105 4.85535 5.03150 5.22371 5.25201 5.15571 5.07034 4.85647 4.65781 4.36583
3.96969 4.07937 4.13238 4.22309 4.41295 4.67660 4.86473 4.99827 5.20466 5.23752 5.13699 5.02956 4.80412 4.59431 4.33213
3.95738 4.06185 4.12027 4.22116 4.44700 4.71576 4.89191 4.98479 5.19867 5.22035 5.11904 4.96969 4.75067 4.54572 4.29127
3.92755 4.04011 4.10457 4.22000 4.47896 4.72604 4.95122 4.98264 5.20027 5.17960 5.09014 4.92090 4.71043 4.50463 4.26151
3.90356 4.02119 4.08139 4.22596 4.49521 4.71498 4.92527 4.96565 5.17291 5.10595 5.05049 4.87814 4.67133 4.47117 4.22969
5.91227 6.34221 6.69238 6.96138 7.05215 7.18552 7.26652 7.38317 7.48802 7.54474 7.56742 7.49404 7.20893 6.83782 6.39318
5.83145 6.25473 6.60048 6.81585 6.90859 7.00180 7.10514 7.25296 7.37988 7.43991 7.45813 7.37992 7.07691 6.74719 6.30076
5.76258 6.19240 6.52114 6.69626 6.77576 6.85182 6.92840 7.10223 7.27712 7.33862 7.35924 7.28467 6.97032 6.64675 6.19965
5.67081 6.11969 6.43880 6.57424 6.64794 6.69605 6.77690 6.93411 7.13662 7.23272 7.26307 7.19356 6.89768 6.55227 6.13036
5.55315 6.03758 6.34734 6.44478 6.51229 6.56050 6.65487 6.79147 6.97424 7.07102 7.12717 7.06909 6.80748 6.46328 6.04556
5.44275 5.96385 6.24838 6.33282 6.38424 6.42789 6.52823 6.66373 6.85707 6.92510 6.95852 6.93947 6.71009 6.37592 5.96032
5.31523 5.88022 6.13898 6.21713 6.27097 6.29732 6.40689 6.56318 6.74788 6.82167 6.84616 6.82060 6.59997 6.28556 5.84883
5.24560 5.78012 6.03009 6.10150 6.15983 6.17727 6.28276 6.45872 6.64104 6.72631 6.73852 6.71416 6.48956 6.18553 5.71459
5.18166 5.69160 5.91478 5.98764 6.03799 6.08121 6.18809 6.36408 6.54738 6.62592 6.63053 6.61645 6.39533 6.09406 5.59478
5.11011 5.58497 5.80850 5.87173 5.92977 5.99288 6.11245 6.28656 6.46918 6.54189 6.54468 6.51038 6.31143 5.99524 5.51493
5.04211 5.47865 5.68549 5.76803 5.83593 5.91329 6.04957 6.21306 6.38639 6.46163 6.45013 6.41821 6.23501 5.93892 5.45622
4.96135 5.38560 5.54676 5.63213 5.73911 5.84404 5.99846 6.17028 6.32219 6.37574 6.36385 6.32320 6.14870 5.84822 5.36861
4.88422 5.29293 5.43659 5.50780 5.64424 5.78814 5.96040 6.11551 6.27578 6.29664 6.27006 6.23166 6.06736 5.75952 5.28870
4.82549 5.20582 5.34935 5.42799 5.56664 5.75338 5.94335 6.10423 6.22035 6.23159 6.18499 6.14265 5.98498 5.66191 5.22968
4.78172 5.12219 5.26533 5.36700 5.53135 5.74038 5.93429 6.07469 6.18376 6.18038 6.10931 6.05217 5.88227 5.58998 5.16242
4.73121 5.05204 5.18865 5.30112 5.48852 5.70269 5.91030 6.05515 6.13877 6.13384 6.05585 5.96948 5.79730 5.50559 5.10752
4.69317 4.97423 5.11007 5.26374 5.45827 5.68769 5.88849 6.02451 6.10434 6.07482 6.00731 5.89869 5.69815 5.41706 5.03647
4.64929 4.91576 5.05181 5.23220 5.42046 5.67029 5.87175 6.01265 6.07013 6.03565 5.95911 5.83979 5.59572 5.35405 4.98258
4.60867 4.85889 5.00259 5.19990 5.39147 5.65875 5.86454 6.00684 6.05278 5.99031 5.90784 5.77755 5.50779 5.27658 4.91665
4.57429 4.80285 4.95943 5.17257 5.36966 5.65331 5.87852 5.98212 6.03299 5.97328 5.84371 5.72372 5.45349 5.21603 4.86749
4.52452 4.73533 4.92642 5.13064 5.35246 5.64687 5.84426 5.94407 6.01300 5.92795 5.80775 5.67553 5.39137 5.14330 4.82564
4.50687 4.71836 4.89328 5.09481 5.34611 5.65563 5.85456 5.91233 5.98926 5.89645 5.77639 5.59194 5.32969 5.09278 4.78501
4.46711 4.67959 4.85080 5.05933 5.33091 5.64638 5.88349 5.89381 5.98841 5.84861 5.73827 5.53339 5.29037 5.03703 4.74632
4.42925 4.64014 4.80109 5.02744 5.30223 5.59490 5.85583 5.86560 5.94672 5.78556 5.67592 5.48973 5.24721 4.99553 4.70846
6.30017 6.71802 7.09136 7.37751 7.49621 7.64249 7.74737 7.85524 7.91339 7.93264 7.94638 7.85674 7.55617 7.22235 6.75191
6.24431 6.64412 7.00728 7.25954 7.39855 7.54318 7.64705 7.75027 7.82406 7.83009 7.83534 7.74281 7.45477 7.13356 6.67177
6.18332 6.58273 6.92510 7.15841 7.28569 7.42495 7.53413 7.64644 7.73099 7.73021 7.72588 7.64032 7.35963 7.02421 6.57175
6.11054 6.51778 6.85089 7.03581 7.18722 7.30213 7.41227 7.52631 7.61216 7.62029 7.61943 7.55508 7.29543 6.92091 6.50355
6.02160 6.43599 6.76437 6.90322 7.07432 7.19429 7.31276 7.40392 7.50164 7.51015 7.50807 7.45715 7.20898 6.83060 6.41745
5.92893 6.36532 6.67595 6.80300 6.95243 7.09352 7.20842 7.29719 7.39051 7.38630 7.38461 7.35555 7.11543 6.74131 6.33389
5.82100 6.29218 6.57949 6.71354 6.83697 6.95633 7.10643 7.21316 7.30560 7.28844 7.26888 7.23855 6.98583 6.65369 6.23191
5.75963 6.21998 6.47341 6.60745 6.74667 6.83405 6.98737 7.12368 7.20738 7.19776 7.16593 7.12981 6.86865 6.56203 6.12273
5.69842 6.15469 6.37662 6.51280 6.63856 6.74175 6.87193 7.02870 7.11871 7.10552 7.06112 7.02153 6.77547 6.46220 6.02582
5.64453 6.08032 6.28845 6.41369 6.54255 6.65852 6.77832 6.92087 7.03323 7.00698 6.94163 6.88804 6.69213 6.36739 5.96370
5.58340 5.99600 6.19580 6.31682 6.45281 6.57943 6.71655 6.82660 6.91327 6.90393 6.83523 6.79581 6.61686 6.30645 5.91270
5.50287 5.92781 6.10026 6.22126 6.36644 6.50024 6.64082 6.75014 6.82789 6.80712 6.75267 6.70592 6.52529 6.23522 5.83345
5.42389 5.85796 6.01909 6.13030 6.27556 6.43512 6.58199 6.68324 6.75770 6.72441 6.65812 6.60727 6.44352 6.16376 5.76162
5.36775 5.78313 5.94297 6.05923 6.21049 6.38374 6.53684 6.64162 6.68457 6.64935 6.57316 6.51676 6.36297 6.09098 5.70538
5.32314 5.70927 5.87901 6.00507 6.16783 6.34321 6.49452 6.58642 6.64076 6.59110 6.49880 6.42471 6.27134 6.02082 5.64208
5.27167 5.64929 5.80551 5.94309 6.11898 6.28169 6.43879 6.53497 6.58380 6.54121 6.44686 6.34979 6.18583 5.95405 5.58225
5.22136 5.56918 5.73394 5.88865 6.07581 6.24372 6.38570 6.48522 6.52113 6.46813 6.39465 6.27243 6.10255 5.88939 5.52231
5.17571 5.50336 5.66937 5.85428 6.02780 6.20581 6.34015 6.44363 6.47181 6.42016 6.33051 6.21325 6.02725 5.83482 5.46042
5.13018 5.43262 5.60572 5.81146 5.98351 6.16679 6.31442 6.42396 6.43591 6.36337 6.27687 6.16036 5.96430 5.76290 5.39245
5.08851 5.35365 5.55948 5.77398 5.94718 6.13025 6.30693 6.38491 6.40986 6.32547 6.21611 6.11236 5.92208 5.70906 5.33920
5.02339 5.27156 5.50555 5.72784 5.90530 6.10300 6.26293 6.34115 6.37895 6.28244 6.17542 6.07079 5.86821 5.64413 5.28579
4.99990 5.25817 5.46157 5.67736 5.88544 6.08410 6.25829 6.29152 6.35160 6.24688 6.14061 6.01827 5.81656 5.58733 5.23647
4.93494 5.20083 5.38573 5.63300 5.85367 6.06145 6.27352 6.26928 6.35267 6.19928 6.10408 5.96554 5.77156 5.52941 5.19798
4.88571 5.14760 5.32497 5.58265 5.81239 6.01683 6.23509 6.23666 6.30693 6.14280 6.05219 5.93510 5.72879 5.47768 5.15739
6.65898 7.09965 7.43748 7.71774 7.85010 8.02663 8.15683 8.31075 8.37282 8.37302 8.37698 8.23909 7.89526 7.54863 7.12778
6.60874 7.02505 7.36270 7.59269 7.75361 7.92564 8.05670 8.16984 8.25670 8.24136 8.22821 8.10338 7.79359 7.46736 7.04226
6.55152 6.96108 7.29143 7.48459 7.63452 7.80630 7.95007 8.05360 8.12101 8.10462 8.08939 7.99226 7.68830 7.36574 6.93327
6.48084 6.89041 7.22430 7.37844 7.53277 7.68174 7.82318 7.93543 7.99637 7.98635 7.98014 7.90637 7.61547 7.27717 6.85637
6.39511 6.80518 7.14783 7.28610 7.43063 7.56874 7.71485 7.80754 7.88407 7.87157 7.85775 7.79541 7.52449 7.19291 6.76426
6.30403 6.73211 7.06534 7.20126 7.34217 7.47089 7.60829 7.69385 7.76160 7.73533 7.72831 7.68236 7.43344 7.10756 6.67947
6.21394 6.65298 6.97356 7.11352 7.25174 7.37351 7.50104 7.59660 7.66614 7.62459 7.59275 7.55353 7.32079 7.01500 6.57490
6.16334 6.58918 6.85375 7.01542 7.17568 7.28425 7.40020 7.49996 7.55311 7.51917 7.48162 7.43964 7.22586 6.92133 6.47009
6.11110 6.52440 6.73465 6.91419 7.07586 7.20155 7.31605 7.40859 7.45642 7.42366 7.37992 7.34297 7.14614 6.80542 6.37345
6.07140 6.45551 6.64719 6.79301 6.98844 7.11890 7.23714 7.33182 7.37786 7.34158 7.29959 7.25456 7.06700 6.71000 6.31064
6.01321 6.37971 6.56578 6.68810 6.87869 7.03951 7.16910 7.24898 7.29477 7.27405 7.21685 7.17384 6.98175 6.63914 6.26754
5.94831 6.31308 6.48297 6.60195 6.77408 6.94950 7.08360 7.17038 7.22247 7.18909 7.12573 7.07886 6.89030 6.57360 6.19427
5.88787 6.24274 6.40040 6.52168 6.67291 6.86951 7.01442 7.09641 7.14590 7.10347 7.03980 6.98021 6.79102 6.50722 6.12883
5.84587 6.16587 6.32413 6.45185 6.60899 6.79387 6.95493 7.04089 7.06765 7.02723 6.95683 6.87917 6.69092 6.44771 6.08634
5.80324 6.09424 6.26091 6.39279 6.56205 6.73272 6.89175 6.97453 7.01403 6.96894 6.86844 6.76764 6.61146 6.37611 6.03299
5.76295 6.04226 6.17749 6.33297 6.51227 6.66147 6.83449 6.91705 6.95262 6.90597 6.80250 6.67589 6.52968 6.31130 5.97610
5.72187 5.97763 6.11588 6.27006 6.47011 6.61348 6.75896 6.86228 6.88084 6.81951 6.72853 6.60703 6.45665 6.24841 5.93515
5.67823 5.92997 6.05109 6.23002 6.41061 6.56661 6.68118 6.79641 6.83015 6.75877 6.65894 6.55441 6.38195 6.18287 5.88408
5.63519 5.87236 6.00276 6.18412 6.35940 6.52439 6.64714 6.75473 6.77405 6.69837 6.61066 6.51104 6.31524 6.12013 5.83332
5.59147 5.80884 5.95821 6.14208 6.32257 6.47979 6.62683 6.70421 6.73008 6.65025 6.55816 6.46512 6.27094 6.07184 5.78745
5.52520 5.73591 5.91827 6.09800 6.27206 6.45285 6.59275 6.65598 6.68571 6.60163 6.51740 6.41861 6.22099 6.01649 5.73618
5.50177 5.72046 5.88637 6.05191 6.24307 6.41918 6.57281 6.59292 6.66259 6.56665 6.48020 6.36662 6.17068 5.96469 5.68730
5.43463 5.66459 5.82684 6.01077 6.20748 6.38991 6.58205 6.55991 6.65509 6.51788 6.44289 6.31803 6.12245 5.92191 5.65552
5.37052 5.61089 5.77580 5.96604 6.16539 6.34779 6.52990 6.52040 6.59858 6.45981 6.38960 6.28625 6.07913 5.87633 5.61397
2.41147 2.60237 2.69842 2.55839 1.90609 1.01898 0.39054 0.28881 0.30389 0.31392 0.71865 1.37433 1.84160 2.02634 1.93195
2.25446 2.41711 2.48439 2.25916 1.43652 0.51397 0.21987 0.51796 0.62129 0.35425 0.21930 0.83588 1.41297 1.70869 1.68972
2.18382 2.33242 2.38286 2.06681 1.17694 0.31430 0.36199 0.74085 0.90893 0.63304 0.23775 0.47834 1.14357 1.51712 1.56762
2.10844 2.26016 2.27830 1.88704 0.97711 0.22231 0.42499 0.86688 0.99789 0.86359 0.42563 0.24135 0.89623 1.32729 1.46243
2.01654 2.19594 2.19544 1.72069 0.81191 0.19263 0.44835 0.97312 0.99307 0.98864 0.63639 0.18382 0.65142 1.13724 1.33404
1.92841 2.14490 2.10751 1.57101 0.67117 0.18995 0.45312 0.98255 0.99440 1.13829 0.86430 0.24498 0.40935 0.94965 1.18715
1.84377 2.08233 2.00441 1.42873 0.56243 0.19914 0.49552 0.93158 1.03522 1.23503 1.03227 0.37624 0.22038 0.77792 1.02901
1.79104 2.01095 1.88417 1.30878 0.46610 0.23057 0.57367 0.92580 1.22441 1.33582 1.13972 0.51161 0.15328 0.58394 0.87891
1.73744 1.91475 1.77579 1.21043 0.39885 0.23757 0.55573 0.84778 1.15238 1.33675 1.18853 0.63683 0.18899 0.37466 0.73523
1.69603 1.82397 1.67459 1.12116 0.36096 0.22222 0.49559 0.73516 0.99017 1.22832 1.16789 0.73485 0.25369 0.20942 0.60558
1.63518 1.75306 1.60284 1.05310 0.32997 0.19808 0.43993 0.65315 0.87817 1.09038 1.14159 0.80936 0.33094 0.13489 0.45893
1.57994 1.69108 1.53373 0.99025 0.30396 0.18478 0.37757 0.55186 0.77329 1.03242 1.10759 0.87286 0.39396 0.13366 0.30368
1.53484 1.64194 1.46869 0.92460 0.29468 0.15572 0.29148 0.43641 0.60871 0.93354 1.07023 0.92503 0.44744 0.16493 0.18633
1.49112 1.59094 1.40018 0.88663 0.29539 0.11941 0.18620 0.27639 0.44619 0.74261 1.01892 0.96445 0.48356 0.21325 0.12537
1.45812 1.53928 1.35620 0.85760 0.32836 0.11495 0.13474 0.19326 0.33511 0.55437 0.92119 0.94605 0.54934 0.25708 0.11434
1.42391 1.50169 1.30648 0.84669 0.36360 0.13830 0.12088 0.13889 0.25568 0.46055 0.72701 0.91933 0.59535 0.29610 0.12622
1.39135 1.45349 1.26272 0.84472 0.42250 0.18872 0.12720 0.11405 0.20321 0.39514 0.63644 0.85692 0.64862 0.33062 0.15462
1.36008 1.41740 1.22299 0.85362 0.46227 0.24108 0.13291 0.09792 0.18957 0.33572 0.54254 0.77531 0.69004 0.36456 0.20283
1.32382 1.38691 1.19772 0.85625 0.50964 0.27475 0.18150 0.14082 0.14162 0.33595 0.51357 0.71203 0.70524 0.38916 0.24179
1.30001 1.35014 1.18172 0.86619 0.54941 0.33699 0.26422 0.20343 0.12576 0.28853 0.52146 0.67744 0.69843 0.43284 0.28685
1.26980 1.31086 1.16381 0.86723 0.58674 0.42367 0.32433 0.20903 0.15062 0.21676 0.54485 0.70917 0.68158 0.48473 0.33468
1.25391 1.29896 1.14810 0.86795 0.63544 0.47730 0.40868 0.21639 0.19221 0.22110 0.51100 0.82306 0.73053 0.52512 0.37937
1.22914 1.25899 1.12920 0.87360 0.66657 0.49876 0.51353 0.23537 0.24389 0.26487 0.51855 0.94558 0.87727 0.58751 0.42709
1.20230 1.23600 1.10745 0.88783 0.67597 0.49516 0.48694 0.23396 0.23840 0.34441 0.68028 1.04485 1.14764 0.71745 0.51545
2.81129 3.03466 3.18706 3.13092 2.64340 1.95969 1.37127 1.08835 1.04088 1.24441 1.66881 2.20651 2.47639 2.51826 2.40780
2.67327 2.85324 2.97863 2.85375 2.32062 1.54710 0.99843 0.75885 0.70402 0.86623 1.22740 1.78976 2.20957 2.33462 2.26230
2.60983 2.77167 2.88459 2.70921 2.11938 1.33299 0.85493 0.63434 0.56821 0.69552 0.99848 1.50085 2.01903 2.21486 2.18493
2.54350 2.70285 2.78328 2.58171 1.93396 1.19623 0.78016 0.53931 0.49458 0.57776 0.82556 1.27676 1.80472 2.09000 2.11706
2.47674 2.64157 2.70987 2.47417 1.77987 1.10022 0.74279 0.47737 0.46601 0.50292 0.69060 1.09735 1.59207 1.94834 2.02727
2.41604 2.59231 2.63708 2.36899 1.64493 1.03179 0.72264 0.46756 0.44827 0.44073 0.58076 0.96153 1.40294 1.77259 1.90090
2.36182 2.54283 2.56533 2.26304 1.53701 0.97301 0.69357 0.48075 0.43133 0.40146 0.50569 0.83851 1.23713 1.61221 1.74160
2.32449 2.49168 2.48989 2.16251 1.45069 0.91815 0.65255 0.48614 0.37919 0.36723 0.45628 0.74072 1.10513 1.46891 1.59766
2.28001 2.43069 2.42147 2.08074 1.38735 0.89667 0.65749 0.51545 0.39941 0.35673 0.43271 0.66567 0.99558 1.31996 1.47924
2.25278 2.37566 2.36086 1.99767 1.35193 0.89363 0.68577 0.55756 0.44456 0.37660 0.42875 0.60992 0.91076 1.18991 1.38838
2.20594 2.33003 2.31056 1.93448 1.32101 0.90147 0.71611 0.59341 0.48908 0.41145 0.42744 0.57149 0.84160 1.09930 1.29524
2.16557 2.29464 2.26166 1.87851 1.29113 0.90940 0.75739 0.64316 0.53784 0.43019 0.43027 0.53838 0.78645 1.02745 1.20192
2.13210 2.25968 2.21230 1.81572 1.27796 0.93926 0.81317 0.71168 0.62189 0.47433 0.43783 0.51457 0.74459 0.96567 1.10676
2.10134 2.22485 2.15807 1.78214 1.27649 0.99595 0.89830 0.81326 0.70515 0.55454 0.45049 0.49979 0.71398 0.91242 1.03907
2.07622 2.18802 2.12296 1.74678 1.30198 1.05924 0.96047 0.87731 0.76753 0.64749 0.48981 0.50289 0.67964 0.86903 0.99229
2.04960 2.16002 2.08325 1.72920 1.32518 1.10608 1.01021 0.92844 0.82309 0.69666 0.56614 0.50897 0.65595 0.83679 0.94695
2.02725 2.12502 2.04596 1.72214 1.36642 1.16308 1.06119 0.95936 0.86324 0.73822 0.60894 0.53144 0.63264 0.80995 0.90178
2.00333 2.09811 2.01110 1.72947 1.39276 1.21121 1.09465 0.99217 0.88369 0.77806 0.65742 0.56665 0.61577 0.78604 0.86556
1.97433 2.07342 1.99357 1.72996 1.42129 1.24394 1.15789 1.08465 0.94679 0.78984 0.68146 0.59757 0.60921 0.76698 0.83298
1.95657 2.04324 1.97550 1.74477 1.45522 1.29833 1.22423 1.14534 1.01567 0.83318 0.68950 0.62091 0.61280 0.74558 0.79929
1.93066 2.01370 1.96119 1.74652 1.48670 1.35890 1.26639 1.14703 1.03988 0.88951 0.69367 0.62113 0.62545 0.71960 0.77345
1.92153 2.00153 1.94965 1.74565 1.53084 1.40399 1.33390 1.14276 1.08778 0.90963 0.72787 0.59898 0.61883 0.70387 0.75356
1.89560 1.97584 1.93392 1.75169 1.56688 1.43791 1.41750 1.17169 1.16079 0.90825 0.74126 0.57916 0.59125 0.68357 0.72955
1.86872 1.95354 1.91606 1.77068 1.58683 1.45489 1.41026 1.18097 1.14888 0.88040 0.70645 0.57084 0.54160 0.64995 0.69111
3.20786 3.49399 3.66141 3.69345 3.29346 2.65904 2.19474 1.91677 1.86236 2.05926 2.39709 2.77775 2.95569 2.91700 2.75008
3.06719 3.33778 3.50144 3.47657 2.97995 2.36578 1.88787 1.58783 1.53298 1.72002 2.08678 2.48846 2.73266 2.76558 2.63724
2.99693 3.24106 3.42067 3.34162 2.79262 2.21304 1.73040 1.46990 1.40626 1.53603 1.87752 2.29615 2.58826 2.67184 2.57888
2.92380 3.13827 3.32167 3.19517 2.64490 2.09525 1.63615 1.38534 1.33669 1.41314 1.68305 2.12215 2.46123 2.57852 2.52552
2.85089 3.05421 3.24121 3.07087 2.53251 1.99830 1.57475 1.32490 1.29427 1.33245 1.52930 1.96279 2.32935 2.48502 2.46020
2.78298 2.99381 3.14202 2.94572 2.42994 1.91388 1.53093 1.29461 1.26305 1.26852 1.41194 1.81303 2.19448 2.39003 2.38487
2.72674 2.93942 3.03865 2.84079 2.34536 1.84394 1.48392 1.28436 1.24009 1.22736 1.33515 1.67096 2.06415 2.29264 2.30136
2.68934 2.88790 2.95427 2.75003 2.27722 1.78170 1.43806 1.27527 1.19958 1.19511 1.27942 1.55231 1.94599 2.19862 2.21384
2.64477 2.82693 2.88445 2.68389 2.21940 1.75236 1.43127 1.28383 1.20225 1.17911 1.24653 1.46293 1.83342 2.08686 2.13004
2.62198 2.77353 2.83173 2.61770 2.18499 1.74377 1.45128 1.30961 1.22370 1.18684 1.22899 1.39864 1.72580 1.98465 2.06799
2.57960 2.73014 2.78390 2.56225 2.15518 1.75470 1.48039 1.34063 1.25522 1.20706 1.21829 1.35232 1.63818 1.90563 1.99625
2.54906 2.70278 2.74190 2.51937 2.12895 1.76519 1.51886 1.38627 1.28580 1.21997 1.21650 1.31520 1.56623 1.83042 1.92490
2.51893 2.66660 2.69430 2.46881 2.11830 1.79087 1.58092 1.44435 1.34277 1.24279 1.22210 1.28718 1.51148 1.76013 1.84405
2.49068 2.63205 2.64476 2.44047 2.11490 1.83645 1.67162 1.53891 1.42003 1.29511 1.23041 1.27166 1.46851 1.69546 1.78335
2.46698 2.59702 2.61013 2.41363 2.12953 1.88791 1.75088 1.61258 1.48350 1.36748 1.25670 1.26910 1.43059 1.63721 1.73482
2.44357 2.57277 2.57312 2.39630 2.14091 1.93273 1.80808 1.68138 1.55176 1.41781 1.31061 1.27087 1.40557 1.59355 1.68588
2.42412 2.54204 2.53415 2.38906 2.16717 1.97890 1.86043 1.73717 1.60528 1.46614 1.34754 1.29065 1.38053 1.55692 1.63061
2.40096 2.51831 2.50352 2.38655 2.18456 2.02155 1.89471 1.78744 1.64544 1.51585 1.39195 1.31860 1.36335 1.53017 1.59344
2.37847 2.49219 2.48358 2.38021 2.20448 2.05392 1.95654 1.87197 1.72769 1.54367 1.42585 1.34626 1.35719 1.50212 1.55606
2.36461 2.46728 2.46595 2.38221 2.23040 2.10535 2.01757 1.92940 1.80874 1.60926 1.44667 1.37125 1.36362 1.48496 1.51143
2.34148 2.43765 2.45251 2.37850 2.25348 2.15788 2.06262 1.94652 1.84503 1.68856 1.46738 1.38135 1.37790 1.46013 1.48696
2.33574 2.43055 2.44358 2.37608 2.28470 2.20083 2.12756 1.96487 1.89732 1.73247 1.52003 1.37874 1.38270 1.44907 1.46594
2.31194 2.40560 2.42631 2.37910 2.30950 2.23543 2.19837 2.00728 1.96792 1.75364 1.55476 1.38248 1.37369 1.43388 1.44646
2.29371 2.38645 2.41033 2.38701 2.32852 2.25794 2.22173 2.03614 1.98943 1.75023 1.55212 1.39601 1.34660 1.41076 1.41308
3.62038 3.92819 4.15786 4.31907 4.05651 3.55320 3.07108 2.78175 2.72839 2.87834 3.19465 3.46913 3.50733 3.39146 3.18246
3.52638 3.77670 4.00052 4.09558 3.80068 3.28663 2.78363 2.53940 2.49039 2.61989 2.90176 3.24833 3.35425 3.28688 3.08947
3.46596 3.68845 3.90566 3.96532 3.63279 3.11213 2.64840 2.42692 2.36830 2.47531 2.71260 3.07258 3.24818 3.21689 3.02679
3.39113 3.60321 3.79940 3.83298 3.49109 2.97313 2.55737 2.33798 2.27936 2.35356 2.55909 2.87835 3.14538 3.13725 2.96154
3.31461 3.53105 3.72834 3.73823 3.37695 2.86288 2.48829 2.26497 2.21537 2.26450 2.43827 2.72567 3.00744 3.04016 2.89133
3.24344 3.47136 3.65495 3.63419 3.26674 2.76573 2.43192 2.21512 2.16272 2.18508 2.33245 2.60701 2.86533 2.94223 2.81710
3.18116 3.41693 3.57753 3.53468 3.17740 2.68626 2.38243 2.18437 2.12378 2.12715 2.25355 2.49425 2.74223 2.83873 2.74587
3.13971 3.36849 3.50737 3.44595 3.09168 2.62683 2.33858 2.16791 2.08383 2.08644 2.18733 2.40492 2.64452 2.76210 2.67550
3.08992 3.30754 3.43158 3.37091 3.02169 2.59249 2.32208 2.15974 2.07090 2.05600 2.14009 2.32784 2.55658 2.67917 2.60650
3.05264 3.25878 3.37267 3.30971 2.97237 2.57383 2.32536 2.17304 2.08195 2.05003 2.10631 2.26849 2.47711 2.59593 2.56225
2.99811 3.21460 3.32673 3.25254 2.93081 2.56790 2.34037 2.19035 2.10105 2.05689 2.08433 2.21980 2.41291 2.53381 2.51086
2.95667 3.18871 3.28840 3.20719 2.89382 2.56355 2.36045 2.22358 2.12524 2.06048 2.07143 2.17781 2.35566 2.47771 2.45312
2.91296 3.14739 3.24391 3.15791 2.86725 2.57125 2.39565 2.26269 2.16432 2.07529 2.07073 2.14303 2.31091 2.42922 2.39703
2.88257 3.10598 3.19582 3.11721 2.85256 2.59330 2.44735 2.33010 2.21915 2.11228 2.06904 2.12210 2.27250 2.39033 2.35900
2.85099 3.07575 3.15823 3.08492 2.85205 2.62441 2.49748 2.37633 2.27250 2.16694 2.08642 2.11248 2.24283 2.35517 2.32783
2.82581 3.03827 3.11996 3.05314 2.85468 2.65796 2.54066 2.42816 2.32004 2.21227 2.12510 2.10835 2.21661 2.32543 2.30204
2.80071 2.99871 3.07790 3.03553 2.86967 2.69457 2.58207 2.47187 2.36323 2.25150 2.15557 2.12063 2.19136 2.29510 2.26722
2.77499 2.97615 3.03899 3.02468 2.88592 2.74076 2.62276 2.51494 2.40250 2.29577 2.19368 2.13804 2.17548 2.27639 2.24651
2.74932 2.93618 3.00637 3.00366 2.89486 2.78563 2.68361 2.58976 2.46006 2.32860 2.22270 2.15894 2.16645 2.25195 2.22103
2.73338 2.90022 2.98145 2.99897 2.92114 2.84104 2.75998 2.65294 2.52703 2.37697 2.24942 2.18074 2.17159 2.23704 2.19312
2.70324 2.85451 2.95888 2.98260 2.93435 2.90520 2.82425 2.69540 2.57340 2.43697 2.27639 2.19616 2.18301 2.22210 2.17880
2.70207 2.84403 2.93863 2.97207 2.96139 2.95200 2.89846 2.73707 2.63850 2.48276 2.32141 2.20645 2.18740 2.21061 2.16227
2.67532 2.80073 2.90933 2.96342 2.98061 2.98232 2.96974 2.76611 2.71598 2.51756 2.35934 2.21951 2.18805 2.20353 2.15366
2.66051 2.77811 2.88120 2.96341 2.99784 3.00442 2.95166 2.70648 2.70817 2.53761 2.38008 2.24060 2.18080 2.19060 2.13146
3.99143 4.38098 4.72964 4.98288 4.84205 4.39474 3.92151 3.64251 3.55869 3.66654 3.86173 4.01724 3.93676 3.74788 3.49753
3.90343 4.20811 4.54619 4.76815 4.58065 4.09915 3.67736 3.41768 3.34529 3.44640 3.63912 3.82748 3.81688 3.66155 3.43434
3.83342 4.09936 4.39637 4.60828 4.35231 3.92597 3.53356 3.29192 3.20655 3.28816 3.47230 3.68196 3.71550 3.59113 3.38776
3.74266 3.99537 4.25026 4.39905 4.18222 3.79033 3.42793 3.18833 3.10490 3.15420 3.32077 3.53393 3.62902 3.52419 3.33817
3.65373 3.91477 4.16725 4.27540 4.05553 3.68430 3.34257 3.10089 3.03432 3.05336 3.19458 3.40456 3.53416 3.45720 3.28756
3.57363 3.84825 4.08238 4.16868 3.93231 3.59094 3.26940 3.04357 2.96852 2.97243 3.08681 3.29410 3.43855 3.40144 3.22865
3.51078 3.78997 3.99329 4.05260 3.84075 3.50803 3.20981 3.00290 2.92003 2.90868 3.00507 3.17927 3.33700 3.32907 3.16670
3.46835 3.73114 3.91565 3.96189 3.75271 3.44026 3.15894 2.97733 2.86565 2.84982 2.93166 3.08956 3.24350 3.26396 3.09979
3.42455 3.66252 3.83733 3.87479 3.68460 3.39441 3.12996 2.95468 2.84391 2.80344 2.86891 3.01714 3.16337 3.19015 3.03499
3.38766 3.60493 3.77608 3.80490 3.63147 3.36551 3.12497 2.95877 2.84632 2.78256 2.82174 2.95191 3.08880 3.11918 2.99800
3.34035 3.55469 3.71859 3.73897 3.58385 3.35188 3.13565 2.97291 2.85787 2.78614 2.78550 2.89660 3.02943 3.06802 2.95724
3.30402 3.52123 3.67476 3.68566 3.54297 3.33851 3.14775 3.00110 2.87738 2.78367 2.76340 2.84587 2.97246 3.02128 2.90189
3.26599 3.47800 3.62334 3.62425 3.51150 3.33234 3.17634 3.02984 2.91573 2.79388 2.75789 2.79866 2.92237 2.97650 2.84698
3.24133 3.43395 3.56316 3.57619 3.48566 3.34277 3.22092 3.08652 2.95847 2.82956 2.75325 2.76950 2.87526 2.93956 2.80722
3.21090 3.40197 3.51820 3.53946 3.47185 3.36132 3.26304 3.12786 3.00525 2.88149 2.76742 2.75568 2.84080 2.89986 2.77804
3.18795 3.36724 3.47826 3.49919 3.46261 3.38017 3.29628 3.17036 3.04488 2.92294 2.80948 2.74675 2.80837 2.86649 2.75383
3.16299 3.33169 3.43031 3.47438 3.45717 3.39614 3.32508 3.20870 3.08321 2.95798 2.83482 2.75578 2.78017 2.82933 2.71604
3.13963 3.31108 3.39222 3.45112 3.44994 3.42178 3.35329 3.24463 3.12105 2.99786 2.87289 2.77513 2.75762 2.80676 2.69604
3.11612 3.27688 3.36085 3.42898 3.44176 3.43802 3.38907 3.28602 3.16509 3.03001 2.90133 2.79684 2.74325 2.76896 2.66549
3.10106 3.24551 3.33386 3.41907 3.44763 3.45737 3.41872 3.31111 3.20523 3.07214 2.92739 2.81970 2.75151 2.74799 2.63778
3.07418 3.20809 3.31627 3.39386 3.43899 3.48083 3.42488 3.30675 3.21975 3.11735 2.95401 2.83856 2.76491 2.73367 2.61813
3.07390 3.19758 3.29614 3.37683 3.44248 3.48942 3.44191 3.30519 3.24744 3.14615 2.99086 2.84914 2.76288 2.71093 2.60056
3.04879 3.16720 3.27102 3.35832 3.44407 3.48563 3.46776 3.31373 3.28224 3.16051 3.02233 2.86365 2.76717 2.70684 2.58884
3.03496 3.14726 3.24888 3.35077 3.44120 3.47440 3.45886 3.31989 3.28549 3.15756 3.04242 2.88555 2.76740 2.69183 2.57020
4.40679 4.88379 5.25083 5.53812 5.52799 5.39927 5.12623 4.83349 4.66415 4.66023 4.68555 4.65373 4.40481 4.09255 3.81922
4.30134 4.73005 5.09250 5.35570 5.34707 5.18077 4.87070 4.59311 4.46895 4.48230 4.51454 4.51169 4.27362 4.03015 3.77021
4.19887 4.59086 4.94317 5.18796 5.16536 4.98226 4.67285 4.42145 4.27803 4.27572 4.31403 4.34963 4.18303 3.96775 3.72407
4.08188 4.43994 4.79030 5.02412 4.99666 4.81255 4.52405 4.25585 4.10350 4.09785 4.13746 4.17818 4.11199 3.90910 3.67804
3.98904 4.31859 4.67617 4.88699 4.85063 4.66652 4.40083 4.09809 3.98800 3.96899 4.02413 4.07251 4.04418 3.84700 3.62935
3.90755 4.23035 4.57850 4.77166 4.70174 4.53791 4.27164 3.99737 3.89804 3.86677 3.92102 3.98349 3.96452 3.80348 3.57348
3.83858 4.15094 4.46582 4.63666 4.58517 4.41989 4.15388 3.92596 3.82276 3.78390 3.82799 3.87941 3.88185 3.75232 3.51234
3.79096 4.07928 4.34564 4.52583 4.47162 4.30491 4.06557 3.87489 3.74675 3.71204 3.74366 3.79022 3.80786 3.70266 3.44554
3.74553 4.01024 4.24027 4.41531 4.37318 4.20734 4.00218 3.82559 3.70904 3.65008 3.67112 3.71879 3.74375 3.64111 3.38927
3.70381 3.94428 4.15692 4.30221 4.27155 4.13663 3.97515 3.80622 3.68382 3.61734 3.61442 3.64904 3.66759 3.57788 3.35929
3.65850 3.89110 4.08843 4.19767 4.17051 4.08747 3.95423 3.79429 3.66442 3.59313 3.56838 3.59165 3.60630 3.52915 3.33284
3.61495 3.85104 4.03417 4.11361 4.10933 4.04729 3.93897 3.79309 3.66073 3.56920 3.53393 3.54310 3.55080 3.49016 3.28441
3.57167 3.80766 3.98169 4.04626 4.05610 4.01502 3.93964 3.80001 3.67352 3.55359 3.51081 3.49286 3.49962 3.44774 3.23745
3.54287 3.76274 3.92027 3.99689 4.01021 3.99329 3.94716 3.82549 3.69924 3.56101 3.48419 3.45484 3.45115 3.41140 3.21325
3.50861 3.72442 3.86841 3.94833 3.97999 3.98255 3.95220 3.83609 3.71210 3.58077 3.47534 3.42786 3.41401 3.37343 3.19137
3.48630 3.68676 3.82527 3.90047 3.95273 3.96763 3.94595 3.84407 3.72937 3.59592 3.48469 3.40146 3.37860 3.34589 3.17288
3.45978 3.64973 3.77336 3.86628 3.92964 3.94716 3.93527 3.85239 3.73773 3.61318 3.48588 3.39211 3.34933 3.30754 3.14746
3.43432 3.62639 3.72910 3.83331 3.90481 3.94571 3.92840 3.85953 3.75311 3.62848 3.49731 3.39048 3.32618 3.28930 3.13111
3.41064 3.58908 3.69253 3.80134 3.87526 3.92852 3.93404 3.88804 3.77134 3.63962 3.50682 3.38844 3.30247 3.25867 3.10443
3.39120 3.55822 3.66124 3.78125 3.86521 3.91722 3.94832 3.90432 3.80185 3.65796 3.50742 3.39394 3.29833 3.23380 3.08593
3.36423 3.52255 3.64261 3.74868 3.83904 3.91488 3.94625 3.89108 3.81318 3.68134 3.51790 3.39503 3.29236 3.21872 3.06715
3.36015 3.51013 3.61854 3.72825 3.82497 3.91101 3.95583 3.88286 3.83400 3.69306 3.53205 3.38619 3.27904 3.19624 3.05304
3.33434 3.47958 3.59309 3.70390 3.81142 3.89922 3.98028 3.88488 3.86496 3.69727 3.54315 3.37963 3.27079 3.18665 3.03637
3.31307 3.45406 3.56748 3.69078 3.79368 3.88226 3.96558 3.89084 3.85886 3.68323 3.54536 3.38623 3.26187 3.17324 3.02265
4.78569 5.30185 5.70599 5.98256 6.00182 5.97689 5.88483 5.71605 5.48992 5.37865 5.26742 5.12485 4.79488 4.47884 4.11545
4.68682 5.14771 5.54637 5.84503 5.86837 5.83375 5.70808 5.49416 5.32230 5.22692 5.11079 4.98794 4.70415 4.42276 4.06130
4.58648 4.98081 5.39404 5.67702 5.70439 5.66043 5.51255 5.32369 5.16474 5.05970 4.94497 4.84508 4.62841 4.35428 4.01176
4.46720 4.81345 5.22621 5.47846 5.50479 5.48038 5.36182 5.17152 5.01086 4.88925 4.79726 4.71755 4.55961 4.27449 3.96565
4.34706 4.69791 5.09351 5.33765 5.36529 5.34233 5.23041 5.02392 4.86543 4.74182 4.67710 4.60729 4.49119 4.19978 3.91431
4.23275 4.61719 4.97276 5.21632 5.21844 5.19850 5.09027 4.88056 4.73913 4.62305 4.56096 4.51934 4.41758 4.14174 3.85837
4.14070 4.54102 4.85174 5.07439 5.07886 5.05431 4.95402 4.76555 4.63934 4.52344 4.47157 4.42615 4.34125 4.09489 3.80084
4.08231 4.46180 4.72867 4.93190 4.93781 4.91881 4.83985 4.67693 4.53279 4.44756 4.38401 4.33555 4.25492 4.04326 3.74093
4.01985 4.38067 4.63301 4.80940 4.82975 4.81642 4.73657 4.59070 4.47193 4.37292 4.31206 4.25199 4.16773 3.97277 3.69214
3.96914 4.30058 4.54617 4.70265 4.72970 4.72717 4.66693 4.53087 4.42269 4.32400 4.23924 4.15538 4.07677 3.92082 3.66678
3.92268 4.22795 4.47482 4.61234 4.63738 4.65213 4.60626 4.48751 4.37493 4.27029 4.15822 4.06590 4.00571 3.87506 3.64546
3.87213 4.17607 4.41469 4.51541 4.56076 4.58092 4.54967 4.45130 4.34177 4.22485 4.08586 3.99553 3.94474 3.84623 3.60138
3.83070 4.11466 4.35599 4.43860 4.48675 4.51692 4.51806 4.42324 4.31839 4.18370 4.04511 3.94361 3.89535 3.80547 3.55932
3.80092 4.04897 4.29032 4.37805 4.43387 4.47512 4.49397 4.41812 4.31757 4.16478 3.98916 3.89949 3.84931 3.76817 3.54123
3.76937 3.99458 4.21934 4.32272 4.39336 4.44222 4.46882 4.39987 4.29928 4.15290 3.96420 3.86398 3.80714 3.73120 3.51579
3.74465 3.95339 4.14348 4.26968 4.35325 4.40667 4.43101 4.37944 4.28748 4.14014 3.95545 3.83001 3.76738 3.70150 3.49884
3.72053 3.91973 4.06983 4.21716 4.32044 4.36906 4.40043 4.35379 4.26415 4.12847 3.94564 3.81139 3.73049 3.65951 3.47761
3.69284 3.89003 4.00021 4.17276 4.28200 4.34583 4.36862 4.33073 4.25339 4.11454 3.93567 3.79679 3.69974 3.63704 3.45892
3.66407 3.85665 3.96170 4.12508 4.24186 4.31204 4.34927 4.33587 4.24499 4.10204 3.92810 3.78304 3.67436 3.60818 3.43262
3.64318 3.82331 3.92989 4.08642 4.22373 4.28848 4.34203 4.32558 4.24754 4.10127 3.90764 3.77566 3.65941 3.57697 3.41769
3.62157 3.78414 3.90455 4.04407 4.18588 4.27431 4.32890 4.29900 4.23975 4.10665 3.89872 3.76599 3.64275 3.55523 3.39600
3.61600 3.76957 3.88102 4.01530 4.16208 4.26127 4.32424 4.27175 4.24403 4.09159 3.89145 3.74688 3.62385 3.52917 3.37899
3.59073 3.73813 3.85306 3.98565 4.13886 4.24390 4.33787 4.26660 4.25969 4.07062 3.88672 3.72799 3.60718 3.51240 3.36161
3.56586 3.70944 3.82575 3.96609 4.11033 4.22280 4.31628 4.25543 4.23619 4.02584 3.86649 3.72267 3.58771 3.49787 3.34148
5.18865 5.72651 6.05485 6.30907 6.33183 6.33065 6.28810 6.18335 6.02782 5.88392 5.75070 5.58103 5.21532 4.82330 4.46244
5.08363 5.57882 5.93622 6.16955 6.19632 6.19139 6.14169 6.04576 5.91114 5.78994 5.61773 5.43886 5.11377 4.76310 4.41583
4.96106 5.40362 5.81892 6.02379 6.05023 6.05999 6.02649 5.93197 5.80690 5.67456 5.44380 5.28346 5.02341 4.68632 4.36439
4.81352 5.21721 5.67686 5.89367 5.92366 5.94669 5.92121 5.82021 5.69197 5.49396 5.28854 5.14935 4.94119 4.60791 4.31752
4.66837 5.07991 5.53582 5.78853 5.81162 5.83513 5.82329 5.71078 5.54805 5.32829 5.17516 5.03192 4.85557 4.54176 4.25765
4.55768 4.98269 5.39701 5.67847 5.69659 5.72727 5.70934 5.57264 5.40130 5.22029 5.05528 4.92723 4.76294 4.48055 4.19894
4.46691 4.89147 5.26297 5.52097 5.54452 5.58172 5.56252 5.41879 5.27847 5.10422 4.95023 4.81204 4.67526 4.43740 4.13382
4.40969 4.79468 5.12331 5.33382 5.35592 5.39126 5.40094 5.29951 5.15198 4.99673 4.84206 4.70385 4.58473 4.39167 4.06573
4.34439 4.69186 5.01316 5.20959 5.24166 5.27701 5.28141 5.19348 5.06139 4.89611 4.74768 4.61423 4.51151 4.32637 4.00446
4.29499 4.60213 4.90418 5.08455 5.13074 5.17705 5.18755 5.09536 4.98473 4.81988 4.66419 4.53860 4.44142 4.28145 3.97724
4.25004 4.53146 4.81522 4.98156 5.02537 5.07555 5.09781 5.01168 4.89326 4.73351 4.58569 4.46092 4.38061 4.23705 3.95782
4.19596 4.47413 4.73197 4.87106 4.92994 4.98823 5.00841 4.93355 4.81812 4.66958 4.52206 4.39806 4.32347 4.20580 3.90515
4.14799 4.41954 4.64734 4.76570 4.82924 4.90115 4.94107 4.85650 4.75920 4.60970 4.47539 4.34663 4.27262 4.16235 3.86307
4.10534 4.36978 4.57168 4.66809 4.75554 4.83692 4.88500 4.82364 4.72412 4.57128 4.41662 4.30120 4.21686 4.12160 3.84285
4.07321 4.32208 4.50125 4.59893 4.69238 4.77372 4.82851 4.77562 4.68252 4.54078 4.38129 4.25983 4.17595 4.08212 3.82188
4.04098 4.28497 4.43640 4.54175 4.63901 4.71827 4.76826 4.73345 4.64168 4.51030 4.35849 4.21685 4.12981 4.03814 3.80152
4.02016 4.25001 4.38020 4.49375 4.59443 4.66394 4.72220 4.67702 4.59324 4.47806 4.33818 4.19299 4.08845 3.99326 3.77926
3.98330 4.21447 4.32382 4.45026 4.55168 4.62626 4.66618 4.63665 4.56034 4.45200 4.31039 4.17004 4.04772 3.95370 3.75586
3.94956 4.18365 4.28595 4.41184 4.50948 4.58600 4.63861 4.62848 4.53471 4.42104 4.29586 4.15120 4.00992 3.91676 3.72905
3.92438 4.14351 4.25711 4.37393 4.48043 4.55263 4.62094 4.60943 4.52660 4.40089 4.26828 4.13674 3.98144 3.87255 3.71173
3.89490 4.09708 4.22408 4.34170 4.44133 4.52739 4.59350 4.56457 4.50163 4.38704 4.24759 4.12148 3.96209 3.84415 3.68789
3.89358 4.08257 4.20207 4.31428 4.41836 4.50491 4.58491 4.51582 4.49659 4.35976 4.23249 4.09525 3.92956 3.81094 3.66669
3.85851 4.04133 4.17494 4.28906 4.39046 4.47783 4.59193 4.50457 4.50057 4.33489 4.21947 4.06999 3.90756 3.78242 3.64488
3.82769 4.00521 4.14576 4.27152 4.36312 4.45219 4.56026 4.47515 4.46384 4.29972 4.19331 4.05770 3.87654 3.76500 3.62181
