386.51095 404.89761 414.38714 419.60039 427.33234 427.57956 429.21916 429.19015 426.23637 425.24371 426.23611 422.96547 425.50196 424.26827 417.93716
383.99890 408.11233 422.97495 430.14585 436.64876 438.35545 442.34491 444.21847 442.15226 439.98291 439.23661 433.87591 433.04401 429.86099 417.27560
377.94120 403.74784 420.50577 430.85611 437.05263 436.95916 440.14189 442.25545 441.00872 438.95348 437.58284 433.01405 431.70715 426.12143 410.00679
371.71079 398.14192 415.86746 428.73828 435.53941 435.76563 437.79307 438.78248 437.54511 436.21601 434.85152 431.78459 429.31858 420.14010 402.73594
365.59017 391.10223 411.63609 424.83221 431.72783 434.09575 435.71000 436.30064 434.58047 433.61439 433.17223 429.73229 425.55648 413.59843 395.19980
358.49739 385.00655 405.68068 420.02291 426.89120 431.68752 433.10376 433.95757 432.20261 431.20582 430.03826 427.44481 419.87388 407.10463 387.73357
351.28752 378.22704 399.10136 414.55056 422.46545 427.08105 429.77830 430.16468 429.88734 429.19859 427.09358 423.15670 414.87735 400.03920 378.93140
344.68956 372.10743 392.22129 407.61902 415.58207 422.17248 424.26326 425.77633 425.10085 424.67072 421.68825 417.72354 408.86862 392.72094 371.83731
339.36196 364.22075 386.41113 400.22308 408.98421 415.67091 418.49674 419.41152 419.32065 419.50552 416.90834 411.11831 402.02458 385.69558 364.16835
333.14292 357.62385 379.01089 393.15862 402.51201 408.93721 411.59405 413.57387 413.33683 413.59338 409.88909 404.90743 395.39970 378.12100 357.99750
326.33390 350.39152 370.65232 384.94979 395.21899 402.40777 404.55479 406.67684 406.76462 406.19753 402.07999 398.14852 387.77500 370.90402 350.97675
319.10502 342.64231 364.57661 376.47928 386.21639 393.81670 397.82962 399.52479 399.12694 397.75694 395.42763 389.31846 380.88659 363.26249 342.77151
311.91818 334.57883 355.18700 367.57380 379.55034 386.10675 389.90503 393.76261 392.81760 390.93527 388.17045 380.65873 372.47558 355.20206 333.75480
303.88916 326.96547 346.14827 357.70670 370.14497 378.09642 383.93568 386.14201 386.48960 383.74139 378.76313 372.41562 363.76692 347.27212 326.91797
296.28241 317.96975 339.65216 350.07973 363.07939 368.89517 376.62349 379.10321 378.70394 376.76656 369.90362 363.91366 355.95868 338.27672 318.31798
287.45232 309.35037 328.76921 339.71647 352.20852 361.49447 369.18890 371.11713 372.20480 367.80204 361.89020 355.18818 346.98561 330.21573 310.61131
278.06846 299.29448 318.38979 331.45122 344.67303 354.69919 361.29239 364.44836 364.16613 359.93494 352.89670 345.97141 337.17974 320.48893 301.73444
270.32189 292.43790 308.83100 322.57832 335.37517 345.05139 354.05487 355.93582 355.09654 352.66692 345.69098 337.16981 327.22090 313.06972 293.79008
260.32454 282.43836 299.14138 312.34488 326.20131 338.28177 344.49636 347.07549 347.44352 343.48230 335.99260 328.30425 318.65329 303.91493 283.31940
251.47371 271.29155 288.03607 302.74659 317.17226 328.28130 334.67039 336.98380 336.84416 335.13574 326.37731 317.90252 307.27756 295.02144 275.16877
241.67271 262.01940 277.82880 291.87855 306.39591 319.47863 324.77139 327.19241 327.76027 325.60874 318.36996 308.82429 298.06197 284.84936 266.25639
231.79262 250.24048 266.51251 282.10256 297.15705 308.53144 312.84796 315.87833 315.96605 316.23583 308.99311 298.84693 287.32758 274.97740 256.49252
220.60952 239.57626 254.42242 270.65870 285.93940 297.60855 299.90454 304.69076 304.26542 306.13502 299.30963 288.06645 277.08209 264.34956 246.53122
209.14815 227.29050 242.78814 258.63943 274.61426 284.97261 287.39152 292.11315 291.30744 294.40775 288.90076 277.37668 266.09312 253.62447 236.37438
412.27571 416.85367 415.07474 414.18639 420.36711 418.21908 419.09120 419.04199 416.37781 415.26256 416.37479 413.09132 418.42469 423.22671 432.45683
415.59194 425.10261 427.10052 423.14930 427.98671 427.58533 429.03023 429.92265 427.60680 425.33918 425.42115 421.57933 425.32541 433.63644 438.16945
412.30542 424.90378 427.94608 427.94108 429.26029 427.41791 429.49016 430.16533 428.36122 425.97220 425.79618 420.98235 425.91642 433.94755 435.05437
408.20560 422.59127 426.68592 429.97958 430.88787 426.01301 427.76177 429.14903 427.13257 425.62423 423.58217 419.70020 426.47178 432.99042 431.04934
404.24258 419.65796 426.01040 429.89132 431.37657 426.36640 425.71850 426.22264 424.40011 422.34543 422.59814 419.75854 426.92277 430.43677 426.03536
399.97188 416.07435 423.10847 429.21343 430.87965 428.70452 426.64578 425.83333 422.55968 421.29565 422.88515 421.11787 425.19832 427.23470 421.54602
394.34938 411.83165 421.26385 428.39879 429.75889 428.92012 427.62523 425.82474 423.26469 423.73122 424.86870 422.46284 424.62471 424.02322 416.23969
389.66652 408.43106 418.42645 425.53820 427.31309 427.93832 427.04614 425.06023 423.03551 424.02539 424.07024 421.69939 422.86376 419.59287 410.39820
384.33125 403.36037 415.41650 422.62264 424.51871 425.94264 425.11679 423.28494 421.22450 422.62178 423.81862 419.92103 419.49330 416.19297 405.14541
378.49450 398.12836 411.36204 419.52661 421.31349 423.33969 422.33836 421.23976 419.65457 420.98111 420.52791 418.03770 416.41388 411.42724 400.29783
371.82758 391.69964 405.71409 415.13043 418.56925 420.71016 419.47288 419.02062 416.86978 417.72834 418.05144 415.33161 413.50006 407.16103 394.10989
364.72446 385.08391 401.09127 410.16907 414.42349 417.32858 417.79606 416.31211 414.33632 413.51837 415.45648 411.39636 409.48180 401.31851 387.38656
357.27305 377.84054 393.78863 403.17000 410.38925 414.07228 414.35505 413.69543 412.23298 412.10720 411.98620 407.07474 404.50406 394.40558 378.77698
349.38824 370.80200 386.49005 395.80400 403.90039 410.02591 410.51405 408.29452 408.70273 409.08362 407.32338 402.47651 398.29486 387.98242 371.96494
341.27782 362.21318 380.27135 388.51330 398.27822 404.88619 404.59567 403.06660 403.08485 405.15333 402.17974 395.87323 392.18359 380.08758 363.28260
332.60281 354.20698 370.87676 380.19260 389.93662 398.75234 398.10385 397.04191 398.36420 399.23006 395.37345 389.38642 384.91144 372.71997 355.54741
323.67494 345.02685 362.04746 372.70080 383.74907 392.50510 391.33886 390.63329 391.36654 393.43116 388.92654 381.26793 376.83593 363.91338 347.04845
315.69727 337.36273 353.05029 363.79674 376.04978 382.58563 383.78317 383.40558 383.55942 386.19735 383.15918 373.38066 367.84887 356.54839 339.16297
306.36889 327.73240 343.47476 354.62337 369.07980 375.79487 374.98160 374.06576 375.23814 377.79986 375.50144 365.23770 359.50672 348.16352 329.59719
297.14799 317.36437 333.00589 345.40076 360.69243 365.87240 364.60476 364.18370 365.39159 368.82982 367.91917 356.53073 349.82179 339.29931 321.07484
287.03256 308.11835 322.60212 335.57629 351.44136 356.09893 355.92673 355.79689 356.47223 359.54012 360.34732 348.37653 340.32010 329.71970 312.01885
276.69394 296.60047 311.02148 326.44262 341.47840 345.38464 342.56217 346.28247 344.64972 350.14226 350.73621 340.08653 330.09284 320.29218 302.44169
266.03475 285.39491 299.68108 315.77945 329.93108 334.60602 329.34722 335.27266 331.94408 340.32196 340.40435 330.30515 319.90045 309.54482 291.90350
254.02781 273.03869 287.93266 304.47917 318.08541 322.46390 318.52038 323.85769 321.42827 329.62334 330.23733 320.60302 309.59557 298.86227 282.24981
426.82400 423.09270 417.27771 416.54857 423.70186 422.68222 424.80165 426.04283 424.49381 423.55997 424.03675 419.39409 420.69636 424.42872 438.44733
432.41957 429.41547 424.38699 419.26622 425.18466 425.08673 426.75511 428.25203 426.77142 424.61761 424.67956 420.71012 422.02597 430.04688 443.26632
432.15569 430.62985 425.97361 422.28451 423.49861 423.89057 426.02201 426.26018 424.99792 422.81394 423.24558 418.30357 420.03232 431.40541 442.76812
430.82189 431.57220 425.56308 425.47250 423.97237 421.10354 423.72348 425.38759 423.67193 422.25257 420.07337 415.59836 420.34446 431.74021 441.89136
429.49495 431.53497 425.84284 426.52638 425.89502 419.54265 420.09951 422.08415 420.36417 418.10955 417.00740 413.58333 421.31758 431.79007 440.15985
428.11832 431.67672 425.78281 427.25003 426.12092 421.92278 419.24242 419.61361 416.47346 414.85948 415.78755 414.37623 421.55310 430.67246 440.01236
424.96350 428.96437 425.78637 427.86157 426.30841 423.62733 421.41253 418.57491 416.18057 416.26908 417.62033 415.86738 422.21364 429.97098 438.73135
422.02737 426.79665 426.51503 426.57322 424.75557 423.41809 422.39624 419.50758 417.01949 417.84555 418.67791 416.09907 422.45740 428.97054 434.95500
418.52511 423.92577 425.57992 427.16373 423.98018 423.35769 421.22200 418.79101 416.66154 417.75756 419.48829 415.52607 421.39383 428.60513 431.93124
414.07626 420.98094 423.62502 427.28584 422.74656 422.06987 420.34133 418.46012 415.32347 416.91626 417.70121 415.37098 420.69261 426.63874 427.94988
409.10636 416.98865 420.88175 424.87462 422.67232 421.69667 418.97990 417.38379 414.61055 415.79550 417.72218 415.23382 420.45327 424.72469 423.51566
402.92217 411.83577 418.33062 422.12000 421.72199 420.70723 419.58560 417.06632 413.82170 413.24675 416.73991 413.84376 418.25013 420.17599 419.21759
397.66876 406.82533 414.61495 417.73815 419.72986 421.18027 419.35781 417.09272 414.14823 414.76759 416.68303 412.49416 415.79466 416.10133 413.71114
390.88346 401.21396 410.21325 413.60305 415.52555 419.61934 416.71075 413.16029 411.80303 414.06378 415.22129 410.64032 412.14740 412.02552 407.68423
383.44020 394.79023 405.66536 409.57745 413.01131 416.55331 412.48278 409.68402 409.17495 412.37880 412.02057 406.56263 408.91244 406.04969 401.02405
375.88801 387.69542 399.19919 403.97316 408.02562 413.33096 407.86010 404.80012 405.26534 409.52218 407.27944 403.68316 405.15334 400.29171 393.62218
367.86303 380.24575 392.88554 398.10297 402.94692 408.83904 401.66079 400.01201 400.53805 405.47392 403.58107 398.29266 399.64866 393.01138 386.38345
359.73705 373.90230 385.90088 390.74799 397.18425 399.70315 396.97498 393.48409 394.16183 399.15785 399.65612 392.50381 392.64379 387.05422 379.32528
350.95838 366.26547 378.27411 382.95629 391.64208 393.42214 388.72477 385.11416 386.20355 392.67752 393.72037 385.36131 385.38742 380.63184 370.79146
341.74019 356.72040 369.46746 375.13915 383.97837 384.92961 379.86602 377.33749 378.66195 384.36781 388.10630 379.10153 377.47863 373.10227 362.77325
331.89228 348.82014 359.90016 365.97432 376.11590 375.63336 371.76577 370.82205 370.49977 375.55658 380.57635 372.41092 369.75898 365.12582 354.31729
321.42681 337.57937 348.63501 358.19718 367.44078 366.38548 359.23563 362.73613 358.84514 368.01749 371.72296 365.22748 361.24810 356.41678 344.61767
311.23668 327.36098 338.24105 348.51750 357.16127 356.85438 345.48525 353.05920 347.01062 359.82698 363.21350 357.28345 352.96851 347.24058 335.27820
299.59724 315.16985 327.48436 338.09323 347.05644 346.77430 337.19962 342.67683 338.10955 351.46801 354.67909 348.29390 343.22509 336.75882 325.12461
442.97228 437.07506 435.03646 432.03525 439.33632 443.22186 446.12302 447.25230 446.37341 445.95527 445.80901 440.12545 436.96271 441.84444 451.48213
445.80029 438.65021 435.74243 433.42708 436.42202 438.17792 442.75584 445.10490 443.76011 442.38476 441.14115 435.03689 435.11049 441.84666 451.98964
446.09436 439.27627 435.08493 435.28976 436.73755 434.45632 437.90160 440.27005 440.00667 437.85456 436.20317 431.18758 434.09051 441.21420 451.93572
445.91726 441.43225 434.48279 435.52356 437.43614 433.23843 434.07261 435.76720 434.91943 433.44023 432.36327 430.04465 433.59374 440.69720 451.13307
446.00758 442.42547 434.35955 435.66039 436.76488 433.46161 432.70097 433.00392 430.99324 429.64723 431.95417 428.74089 432.33255 439.19012 450.32025
447.43330 443.07791 434.23840 435.67160 436.04464 434.25960 433.17563 434.00649 430.35526 429.56415 431.24826 428.58479 431.66682 437.62482 451.52839
447.47482 440.90335 435.08716 436.26770 435.62378 433.21441 433.35541 432.28262 430.49597 430.46966 430.67389 427.72956 431.51387 437.97060 451.03436
445.75571 440.02811 435.70484 435.67406 433.59129 432.96106 432.12339 430.67723 429.29262 429.48547 430.01433 427.13042 430.56278 437.73235 450.03735
444.40400 438.68965 434.94488 436.58430 432.92699 432.27362 430.75362 428.97174 427.45400 428.48870 429.60868 425.43233 430.82285 438.30768 448.96090
441.38722 436.90693 433.36673 437.05422 432.12934 431.67985 429.43089 428.89204 426.01991 426.85198 427.41352 422.92250 429.83148 437.07384 446.06805
438.79603 435.05420 432.32262 434.43444 432.33880 430.80446 428.91186 428.11332 424.77452 424.91420 426.60150 423.92168 429.52183 436.46161 443.86734
434.69670 431.92386 431.28415 432.77234 430.72869 431.65004 430.65214 427.68897 424.35889 424.17125 426.52873 422.65449 426.38364 434.37775 441.46660
429.67858 427.72000 428.80838 430.66622 428.80485 430.85574 430.71128 428.68612 424.96177 426.22228 426.52705 420.69617 424.54303 431.83631 438.85795
424.53205 424.00365 425.52441 427.70330 426.28413 429.78563 427.16900 424.31761 422.62388 424.76196 424.16233 418.82666 422.20169 428.47057 433.82446
418.25523 419.78712 423.57845 424.70043 425.43019 427.52654 422.95754 421.11312 420.27648 422.59143 421.54217 416.66256 420.16783 423.72488 429.38899
410.63802 413.34239 420.40500 419.91844 420.79336 425.04484 418.87241 416.03451 416.34427 419.71563 417.74602 413.80394 417.05593 419.05434 423.13146
402.75378 407.43435 415.43195 415.98992 416.77881 420.26766 414.67192 412.10168 412.21109 417.37174 414.75667 410.02979 414.31078 414.35970 416.57579
395.13789 401.38329 409.76350 410.45105 411.68237 411.76671 409.59333 406.39892 406.87376 411.76923 411.65705 404.85075 409.52079 409.81431 409.73690
386.76622 395.22920 403.02861 403.72070 407.23866 405.92979 401.96072 398.51990 399.47450 404.79474 407.18865 399.71406 404.32370 403.77913 402.49382
379.21740 387.12154 394.68714 395.13165 401.30147 400.18992 392.48468 389.85778 391.71810 397.53816 402.30998 394.10951 397.11189 397.32629 395.06975
370.08586 380.29008 386.63936 387.32282 393.56496 391.10674 385.28064 384.51251 382.98110 389.01329 395.36380 388.36862 389.83712 390.16985 387.95263
361.59535 370.44385 375.30100 379.53080 385.11146 381.70546 373.27805 378.33575 372.66038 382.37952 387.46004 382.80883 381.76942 382.85758 379.92099
352.50741 362.07697 365.72360 370.55252 375.43500 374.02851 360.51928 370.24503 361.72520 375.73618 379.11116 375.16290 373.87219 374.70050 371.75954
342.78531 351.46555 356.72951 361.34609 365.74317 364.46402 354.31010 361.44625 355.64752 368.05811 371.24950 366.90124 365.49203 365.81941 363.00875
438.81185 434.58097 436.72803 437.98098 445.08560 449.24817 454.53598 457.48616 457.85918 456.72941 453.92966 447.25800 443.62301 445.49798 449.19287
437.75426 434.43090 434.89605 437.13842 441.48214 442.38800 447.19739 450.51721 450.72785 449.18159 446.68619 441.03217 439.36989 442.01375 446.63745
437.32927 433.81225 433.00196 436.80257 440.62997 438.89067 441.91350 444.28031 444.37360 442.89928 440.91731 436.93026 437.86987 439.47648 445.59871
437.37787 434.60379 430.89738 435.18921 439.68473 437.01130 437.90784 440.02674 439.10514 437.49671 437.21010 434.94274 435.29806 437.88097 443.87156
438.03329 435.07403 429.86696 433.89063 437.11736 436.06427 436.35206 436.76832 434.98146 434.33475 435.45161 433.70325 433.15863 435.37252 440.84955
438.96203 435.40217 428.73097 433.26310 435.41765 434.77212 435.32964 436.55710 433.71852 432.75534 433.21904 431.27354 430.31266 432.94875 441.11916
439.70293 432.69438 427.75375 431.96277 432.54623 432.20756 433.81662 433.18603 431.99062 431.79035 431.63349 428.58148 427.88847 433.11208 441.97585
438.77129 431.51224 427.62286 430.86972 430.07353 431.01653 431.71886 430.91415 429.94084 429.29426 428.51588 426.12748 426.28408 430.70671 441.36142
438.76173 429.06139 427.04451 430.55130 428.46421 428.60008 428.97587 427.92583 427.23072 427.65800 427.02276 423.30595 425.64477 430.62297 440.08913
436.24385 428.58489 424.76392 429.87917 426.21412 427.21900 426.64186 426.85252 424.68933 424.28037 424.11181 420.02425 422.39879 429.84801 437.47901
434.02401 426.32203 423.68197 427.65845 424.92115 425.61867 425.36543 424.70236 422.16279 421.02918 421.76818 418.81849 422.04601 427.97674 435.40943
431.13550 422.44659 421.02535 425.20926 423.83783 424.29426 425.26806 423.80288 420.38666 419.45499 420.10713 417.04451 420.37251 424.98936 434.13569
427.41709 419.13668 419.84438 421.40656 421.02199 423.84240 425.34435 423.27568 421.49802 419.37241 419.11262 415.09346 417.18716 421.34246 431.31953
422.90786 415.72791 416.94933 418.67836 417.59592 422.76971 421.79785 419.33548 418.72732 419.02515 415.89375 412.05753 413.82554 417.41442 427.16606
416.65254 411.33856 413.82293 415.45570 415.66429 418.71462 418.56610 416.43764 415.95768 416.30275 413.34559 408.30458 411.84135 413.90462 423.19621
411.26073 407.17244 410.41206 411.17621 411.70524 416.52856 413.35679 411.08494 411.73101 412.23421 408.39727 406.08120 409.20074 409.40903 419.02216
403.34676 401.74375 407.73846 406.98910 407.96235 412.16076 408.62705 406.53245 406.25438 409.68507 405.02693 400.32779 403.75329 405.58086 413.30918
396.61840 396.68006 403.29693 401.26724 402.39907 404.13272 403.84886 400.35822 400.51666 402.74004 402.84715 395.71696 399.46276 401.14997 406.74245
388.44792 390.61236 397.10443 394.52945 397.46415 398.01765 396.14318 392.82665 393.46951 397.30706 398.14901 389.26613 394.76172 395.81750 400.49293
380.62998 383.68222 389.27108 386.96539 391.79261 391.62676 386.70074 385.05188 386.41673 389.93565 391.70173 383.32952 388.84456 389.90612 391.88497
372.26339 377.36342 381.50439 379.74249 385.06837 383.05879 379.83987 379.74072 378.18809 381.70977 385.15789 378.35776 380.99844 383.91475 385.72530
364.08906 368.08337 369.74256 372.73812 376.71244 374.78846 368.26611 373.23147 367.31585 375.12391 377.55607 372.97897 373.91339 376.73489 378.99925
355.79222 360.56824 360.64250 362.93936 367.38818 367.69118 356.15372 365.41953 357.83008 369.27045 370.19554 366.07726 366.06702 369.28296 372.13255
347.92293 351.36922 351.76960 354.29512 358.22489 359.17850 349.99161 357.41207 350.95530 362.67932 363.30265 358.30469 357.82135 360.76332 363.59778
472.60451 471.04672 476.27970 481.22039 490.93296 494.28177 498.54236 501.60830 502.98986 501.42022 499.87175 494.44408 488.63782 485.47395 487.00572
469.03862 470.12548 472.44306 476.64031 485.21268 487.83931 491.81128 494.91271 495.07833 493.47808 492.48083 486.91204 482.51237 480.14627 482.86902
468.06464 468.85795 470.30648 474.53308 481.26497 483.82554 486.67423 488.67629 488.61203 487.83862 486.74776 482.29331 477.96164 477.24397 480.74053
466.52533 468.17291 468.77396 472.46803 477.76152 480.22734 482.43930 485.28942 483.69682 484.07050 482.18759 478.40023 475.10292 475.03119 478.25602
466.98609 467.66342 467.36207 471.41363 474.52004 476.13410 479.25225 480.51150 479.85403 479.42292 477.98910 473.96349 471.27792 472.42762 474.65884
467.52362 466.59293 464.73364 470.79440 472.75680 472.75608 474.93551 476.26713 475.68298 474.37164 473.83177 470.86995 468.46647 470.25292 473.07370
467.76569 463.26332 462.75849 469.29955 470.12500 470.44958 472.37075 471.95620 471.11696 470.69481 469.83134 467.28795 466.10534 468.31258 472.07205
468.05878 462.16688 460.61929 466.33417 468.71486 468.53561 470.43719 471.26034 469.77122 468.00609 466.33474 464.65285 464.52764 465.16588 470.70226
467.82390 459.95696 459.40349 464.67287 465.46431 467.99682 469.32309 469.52598 466.29451 465.23363 464.70543 461.76257 461.72571 462.77684 469.85241
464.69919 458.41506 457.24004 462.06088 461.90043 465.10472 468.08100 471.04229 466.86858 465.20578 462.87276 457.92842 457.20430 461.21406 467.22521
461.73802 457.35078 455.52248 459.22480 458.57179 462.77376 467.22528 468.59175 465.46512 461.05442 459.26075 454.41829 455.53961 459.41076 464.89825
458.34837 453.00875 452.40613 456.65004 456.27157 460.82257 466.20345 467.27498 464.01765 458.64246 454.99722 451.12986 453.38053 454.81460 462.85818
456.20198 449.43816 449.41126 452.77972 454.03798 459.90613 464.00625 463.99512 462.71580 458.07576 452.47636 448.45706 449.31125 452.17413 459.36315
450.76447 445.30870 447.70388 450.19255 450.57079 457.74487 459.34860 458.13588 459.30640 456.71851 450.49792 443.92286 444.98516 447.56220 454.76235
445.87601 440.25051 443.65359 446.27235 448.02487 452.74948 453.81923 452.94505 454.37949 453.57124 446.84519 441.08725 441.21899 444.00474 449.87754
441.29083 435.23018 438.21667 441.84022 443.77327 448.59093 447.96270 447.32810 446.94458 447.97212 442.56745 437.44179 438.13204 440.25925 444.62790
434.57672 430.27837 434.00840 437.53752 439.87247 443.99752 441.73277 442.31358 441.41633 443.46242 438.00288 431.84259 434.95178 435.03699 439.76419
428.42206 425.48657 429.26402 431.04640 433.50295 436.65589 437.39494 435.71985 435.46696 435.72918 434.15540 427.33177 428.57992 428.49089 435.15586
421.94127 420.07982 424.41096 423.73411 426.73945 430.29008 430.76283 428.27754 429.59769 430.42716 428.81154 422.08179 423.50662 422.93386 429.63527
414.39922 414.43971 416.97612 415.40593 420.09491 423.02497 421.77964 419.86713 421.70400 423.87015 421.31134 415.61108 415.84819 417.96008 423.75983
406.90828 408.16386 410.26421 407.57787 412.02751 414.19740 414.58389 414.94826 413.40942 414.84198 413.86627 409.51752 409.10876 411.52178 419.69832
398.22881 399.53928 399.51735 401.46847 403.74971 405.73037 402.60201 407.47355 403.26327 407.14857 405.81725 402.77977 401.07558 404.65384 412.29924
389.61336 392.29264 391.02346 392.34932 394.75084 396.28909 390.15338 398.87982 392.15599 400.06437 398.33430 394.75165 393.83045 398.44162 404.61268
380.73323 382.81480 383.80846 383.80798 386.08671 388.16783 382.02979 389.96754 384.28744 392.51293 391.41042 386.05008 386.27696 389.95889 396.49483
507.46865 510.47129 519.52748 528.91814 538.07624 542.22830 546.15106 550.06009 552.45127 551.38326 548.86501 544.24892 535.80971 528.64275 525.91516
504.34271 506.95395 513.70516 522.69775 532.15062 534.72369 538.18171 541.91826 542.48815 541.98037 540.47122 535.89141 528.41641 522.57322 520.43203
503.44894 505.77464 511.57902 518.88728 527.45079 530.44472 532.32877 536.16192 536.20632 535.04328 534.51375 529.97742 523.44170 518.44530 517.43593
501.52730 504.92190 508.25893 515.52098 522.16082 526.04057 529.36968 530.59483 530.65815 531.64404 529.88872 524.55784 518.16456 515.13296 514.80321
502.29384 504.09258 506.18463 512.68519 517.50710 521.09036 525.42823 527.58345 526.69656 525.94470 522.74361 519.68403 513.80241 513.02592 511.29061
501.90206 503.01717 503.10206 510.20859 513.29360 516.23083 519.56174 523.54894 521.71238 520.20978 517.62348 513.70225 509.38280 509.65836 508.65499
501.67804 500.47132 500.55122 508.64829 510.00037 512.89316 518.00151 519.43805 517.51195 514.46707 513.16511 510.03608 506.51459 505.33383 508.57460
500.39337 498.38034 498.11809 504.55552 507.26477 510.35603 515.08257 517.17506 516.15818 510.72335 508.56998 505.11797 503.50140 502.39900 506.70749
500.54304 495.52247 496.10495 502.02976 504.51093 506.81825 512.91111 516.15423 512.11217 507.22769 504.79897 501.95471 499.79594 499.93899 506.29248
498.30460 492.38900 493.68261 499.92158 500.99355 504.98453 510.42778 513.72495 510.42708 505.89399 502.16049 498.23790 496.27836 498.12680 502.16034
495.74730 490.22699 491.33748 496.75051 497.40065 502.07620 507.35214 509.70876 507.19526 502.52812 497.99153 493.79188 493.18534 495.38462 498.25679
493.02037 486.58562 488.36579 493.73109 493.47249 498.53998 504.52514 506.23106 503.64664 499.19368 494.71832 489.57955 490.24642 491.45088 497.30277
491.70435 482.17925 483.23918 488.84607 491.84887 496.14170 500.57704 501.68851 499.97827 496.60350 491.61547 486.67234 486.51968 486.89720 494.15601
485.87427 478.49701 479.09475 483.97142 487.31918 492.96616 495.11207 496.10845 494.62047 493.84067 489.45414 484.08932 482.16061 482.37608 489.60451
480.03935 474.63531 476.25960 481.01052 481.79995 485.17451 488.63783 490.46723 489.87222 488.38481 484.33650 479.09904 477.41690 476.79750 484.57913
474.32951 470.72425 473.53889 474.72777 476.39537 478.67224 483.04783 483.91306 482.20216 480.41636 477.40927 474.33850 471.39849 473.65316 480.15392
466.49632 466.03339 469.47673 470.39696 469.04659 473.67026 475.58423 477.27374 476.32508 473.48044 470.94613 467.24596 467.61682 468.09185 473.86831
458.71917 461.29522 465.29970 463.85577 462.26809 465.66905 470.58733 470.66020 470.58903 466.93200 463.83276 460.36163 462.98763 463.30795 469.32993
451.15765 454.57620 461.25051 457.81675 456.20403 461.08559 463.68776 464.54672 464.27226 460.26212 456.56999 454.79562 458.88973 459.89179 461.36291
442.90237 447.48645 453.70588 449.69451 450.54838 456.50249 456.59636 456.72865 456.86025 455.70572 451.41585 448.65624 451.99237 454.24180 455.17219
435.22255 440.86249 446.61597 442.51615 443.77204 448.56561 450.43068 451.71057 450.86359 449.71493 444.51260 441.38451 445.52840 447.92602 449.01177
426.26937 431.21441 435.54695 436.37556 438.40999 441.90733 439.50041 446.48358 441.22894 443.37608 437.12351 433.90993 439.45635 440.28962 442.44103
418.25083 422.86863 425.65202 427.25805 430.85243 435.50925 429.06331 438.21349 430.06937 439.34961 432.04981 426.95214 431.25921 432.34343 433.18321
410.24485 412.96683 417.54418 417.16814 422.92747 427.67448 422.71031 431.55200 423.65750 432.43992 427.83841 419.88254 423.38651 424.02376 424.83483
549.14366 556.96813 567.30887 578.59032 589.45353 596.98937 604.30425 607.31359 610.86931 610.37563 607.08188 597.86424 586.27568 575.72944 571.40976
546.14940 552.26139 560.78906 571.85736 581.75769 587.60860 594.17780 597.64193 600.70122 600.05273 596.65352 588.33063 578.40451 568.93753 565.30590
543.84495 549.87502 559.17524 565.98604 574.74511 581.32379 586.75266 589.99035 591.82134 590.82423 587.16556 580.57847 572.30707 564.87837 562.15520
541.70996 547.70491 554.84415 562.88179 569.94413 575.06025 580.04427 583.46617 583.62026 583.25556 579.75233 574.05602 566.17855 561.43962 557.91429
541.01398 545.83823 551.86202 559.67615 564.66700 569.30111 573.67480 577.63954 577.48145 575.22778 572.57364 568.46069 561.18305 558.46649 553.71970
541.49472 544.55421 547.49027 557.76903 560.85317 563.88759 569.61226 572.95930 572.04006 569.83275 565.59867 561.48053 557.07441 553.37950 549.65729
543.66480 541.29344 543.85388 553.44598 557.87347 561.09002 566.95745 570.07981 569.36493 564.84181 561.59877 558.08781 552.47085 548.73436 548.08430
542.33910 539.64627 540.55433 548.65340 553.22978 558.52187 564.53799 566.57428 564.41766 561.44341 556.98609 553.12884 548.22683 545.55537 546.44164
542.34852 536.20220 536.98519 545.12293 548.46334 555.48411 561.79392 563.41269 561.34125 558.77856 553.21453 549.32725 543.31661 541.18348 545.67727
538.21144 534.36678 532.58832 540.44339 545.03263 551.27670 556.42575 558.32333 557.64757 554.93883 548.89642 543.91685 538.55694 538.27490 542.66912
533.82149 533.19707 530.56948 536.89651 541.27171 547.18314 550.93880 553.15269 551.67050 549.77954 544.46223 538.59935 535.16032 537.81460 541.08664
530.29415 529.64043 528.23111 535.17649 537.09781 542.80422 545.30205 547.31676 546.13035 545.29001 540.28558 534.59353 530.74286 533.03452 539.76105
527.39636 523.20328 525.75991 531.45256 534.13210 537.79076 540.09527 542.06654 541.24194 539.16746 537.09286 530.70950 527.06823 529.82315 535.91039
521.29002 518.85601 523.55277 528.17553 530.02000 532.05580 536.23808 537.30429 534.19227 534.27734 532.41661 526.84185 523.65022 526.29184 530.31155
517.11855 513.10323 520.34971 524.83844 525.06265 527.27852 530.75139 532.32265 530.32310 527.38479 527.69897 521.43304 522.15299 520.20349 525.55217
511.38319 506.83979 514.28076 519.73532 521.88295 522.95727 526.46106 527.34119 527.11244 523.37002 521.59559 516.76894 518.08768 514.18840 520.00375
504.12746 500.24518 510.52707 513.95395 515.06286 520.25799 520.90158 522.34833 520.10612 516.75737 515.98809 512.89150 513.71829 508.85262 514.30350
497.16148 494.58031 503.89071 507.24878 508.59268 512.56682 517.81084 518.66792 514.92663 513.15781 509.76005 508.06807 508.64596 502.64876 507.98607
490.35438 487.52205 498.75508 499.48594 501.83570 507.72706 509.41968 510.00458 510.22137 507.67983 503.85346 501.65237 501.55493 496.66852 501.56614
482.12893 481.40492 491.20627 490.65557 495.68812 501.86357 502.23381 502.46356 502.21714 502.33028 498.13417 491.93647 495.11740 488.72929 494.80954
474.14848 476.96530 484.40125 482.85860 488.17659 492.96967 493.75284 495.39483 494.47444 494.54328 492.77914 485.09732 486.37801 483.51621 487.61495
465.58374 467.77536 473.92003 475.92628 481.38247 483.20018 482.30160 486.52930 483.21554 486.16531 483.66554 477.66383 478.55138 477.11649 481.19367
457.22722 460.85558 464.73869 466.09814 472.58829 475.42975 469.34685 476.92939 471.71917 478.81340 476.97971 470.41060 471.41338 469.57019 472.86293
448.69687 451.12857 455.41506 457.83615 462.17097 466.25909 460.23732 467.23288 463.43977 470.06590 468.77196 462.60592 462.16970 461.39199 463.55930
448.45065 457.85941 458.92878 455.73347 461.46103 461.11882 465.88531 470.11311 471.77619 471.26714 474.45058 469.53013 464.44698 452.72521 434.22676
447.25080 463.98943 470.30575 470.59430 476.59878 475.32399 479.80006 483.20545 483.61504 482.01964 483.03658 475.87035 463.94468 447.49042 426.11363
441.60215 461.02370 471.21877 473.95147 479.19905 479.05701 481.75087 484.21586 483.46327 481.44900 481.78048 473.32370 459.15944 441.46240 420.10107
434.77630 455.04952 467.69789 472.87509 478.49797 478.59172 480.56218 482.54050 482.03099 479.72590 476.70946 467.60159 452.57770 433.77718 412.51323
427.90665 448.63978 462.96772 470.30723 475.72673 476.79771 478.85566 480.86995 479.59973 476.18263 470.91206 461.62144 446.09324 426.67375 405.35277
421.48300 443.06621 457.40381 465.98075 472.21141 474.66764 476.09509 478.20601 475.35198 470.72096 464.38127 455.95583 439.59880 420.38721 399.08676
413.60980 435.53721 451.49173 461.22667 467.24770 469.80663 472.23734 472.84273 470.08757 464.64788 456.99765 448.36748 432.25794 412.83109 391.67108
407.00929 429.13850 445.15280 454.90979 461.28446 464.54216 466.78613 467.51321 463.95769 457.65738 450.10047 441.39933 425.63038 405.94713 385.76041
401.29372 422.14741 439.35133 449.20128 454.94961 458.40902 461.07924 461.48667 457.30798 451.35598 443.91466 433.62618 419.07916 399.72514 379.91310
394.92494 415.83595 433.02813 443.35613 449.09659 453.19352 455.21543 455.44674 451.86825 446.02276 435.99968 427.28608 412.56080 392.73310 374.94374
389.08317 408.58810 425.59660 435.67038 442.20895 447.56672 449.27788 448.81848 445.66149 438.42748 428.55014 420.27801 405.25310 387.01680 368.26818
381.85890 400.99818 419.33668 428.31206 434.93293 439.94813 443.21990 442.15527 438.55517 430.54966 421.89649 411.46158 398.44195 380.12607 362.15094
374.71103 393.76861 410.98554 420.02524 427.90764 433.22757 435.60857 435.39886 432.44264 424.29596 414.83746 403.21770 391.19651 372.20794 355.17709
366.43139 386.37277 402.46998 411.20568 419.69136 425.28217 429.21900 427.70173 423.97002 416.94382 406.15258 395.26806 382.87688 366.38445 348.77649
359.82229 377.76972 395.71540 403.47260 412.29352 417.68670 420.25060 419.69593 416.37607 410.20477 398.40238 386.25825 375.63644 357.45670 341.21654
350.77382 368.98886 385.74338 393.76156 402.71851 409.75799 412.17952 411.90703 409.69276 401.09799 390.95999 378.83525 367.39710 350.49035 333.98229
342.27594 360.26307 376.59229 385.78824 394.69240 402.03339 404.36393 403.97317 400.50144 392.55650 381.55905 370.50207 359.37447 341.30477 325.92806
333.91980 351.74142 366.76433 376.94857 386.26247 392.25434 396.88489 395.67715 391.98560 384.88483 374.01148 361.56046 349.76930 333.70620 318.25642
324.38105 342.76997 357.16818 367.50505 376.86129 384.64058 387.74338 385.79638 382.88488 376.23247 364.87978 352.80019 341.40753 326.60746 308.35329
315.41351 332.26402 346.28723 357.71881 367.38744 374.98473 377.70888 376.22526 372.68886 366.98895 355.65719 343.08762 330.45986 317.66865 300.92874
305.08868 322.99275 335.97201 346.23972 356.13091 365.20152 367.59050 366.89335 363.22908 356.59988 346.62217 333.79301 321.97320 307.24583 291.82143
295.28162 311.31958 324.66417 336.14579 346.90826 354.52310 355.68466 356.11139 352.07364 347.66018 337.09152 324.23187 311.43592 298.70852 282.61127
284.41341 301.51466 313.85340 325.94841 336.05041 344.74147 343.69874 345.24826 340.44112 337.66330 326.72387 313.68911 301.65514 288.55607 273.19278
273.07440 288.74165 301.86381 313.80892 324.81363 332.45952 331.46713 333.38440 328.59616 326.35545 316.64090 302.62421 290.60634 277.33553 262.75486
464.63819 458.89715 450.78885 443.83048 449.29076 449.02532 453.67368 458.70668 460.70578 461.76388 469.61928 469.45485 475.13069 474.78245 469.22492
469.76283 469.67077 464.39939 456.10734 460.57015 459.04949 464.36975 469.14075 472.09012 474.30601 482.87709 482.20134 481.20633 477.64094 467.08689
468.59265 470.59002 468.88912 461.34646 464.41205 462.69212 466.76842 472.41652 474.23576 476.80423 484.36270 482.12412 479.68182 474.37063 461.27402
466.16333 470.40232 469.32328 463.78563 467.30034 465.85693 469.22315 474.56800 477.60262 479.90139 483.66307 481.19044 476.56176 469.94876 455.54303
462.72840 469.34759 468.63877 466.37838 470.25897 467.95341 471.04552 476.82600 480.19631 480.17421 481.37388 480.71924 473.69126 465.25284 449.46851
459.35966 467.96750 467.87042 465.77841 471.60436 470.77081 473.49483 478.64881 479.02309 477.50876 479.25872 479.00971 469.98514 460.52109 443.79075
454.88569 464.67625 467.79203 465.13677 470.53906 470.81766 473.91085 476.88314 477.45643 476.77654 477.31622 476.75401 466.82546 455.16095 437.78692
450.10158 462.60752 466.19664 464.99408 469.24592 469.05581 472.40498 474.59271 476.83380 475.77472 474.52091 473.06880 463.05377 449.78612 431.69233
446.00467 458.42024 464.12117 463.47463 468.91417 468.89337 471.27238 474.49486 474.94996 474.17467 472.06859 469.22042 459.42413 444.13133 425.80658
440.64434 454.94175 460.93305 461.89522 466.11847 467.36627 469.69562 473.03178 473.51189 471.33334 468.07217 464.80541 454.22200 437.95563 420.89767
434.21962 449.59432 457.18815 458.56538 464.05895 465.79479 467.00395 470.30748 470.98292 468.70524 463.43636 460.00967 448.50244 432.08074 413.29380
426.87365 442.72789 452.98985 456.01512 460.43973 462.45214 464.92791 466.82602 467.23099 464.05709 459.15389 453.25744 441.39795 424.81341 406.56488
419.30158 435.57485 446.42795 450.88148 457.92530 460.11756 461.06092 463.82693 463.61750 460.79205 453.73212 445.37738 434.48956 417.23696 399.06356
411.23519 428.32228 439.18902 444.76371 452.17166 455.56140 456.38871 456.73983 457.19699 454.36290 446.48881 438.26680 426.83541 410.74749 391.70351
403.71304 420.16717 432.91640 438.46433 446.32342 449.17541 449.53217 450.19685 449.82457 447.20813 439.50025 430.16246 419.54125 402.15167 384.02296
394.35179 411.90105 424.54399 430.91630 438.07270 441.99906 442.49381 442.93999 443.09116 439.09039 431.02638 422.23666 411.52954 394.79567 376.42045
385.93537 403.34223 416.37874 423.42350 430.87480 435.13847 434.84426 435.50527 435.25517 431.75730 423.32339 413.34162 403.40807 385.63381 368.69682
377.33641 395.47179 407.69792 415.62196 422.63770 426.09596 427.68956 427.41143 427.11096 423.92377 415.95838 404.99474 394.00861 378.25953 360.60993
368.02003 386.17837 399.05665 406.56454 414.81644 418.51540 418.76594 418.34349 418.27877 416.04320 407.24540 396.76590 385.13550 370.32868 351.27353
358.78501 376.33864 389.20054 397.78420 406.32415 410.17048 410.06046 409.02428 408.81607 406.92711 398.75652 386.50954 374.96712 361.67013 343.35015
348.64702 367.54993 379.55749 388.24490 397.45584 401.40310 401.38913 401.60313 400.25606 397.40942 390.19563 378.26772 366.10122 351.60712 334.14852
338.97727 356.04721 368.27383 378.52876 388.21421 391.52082 388.94094 391.37520 388.89286 389.23067 380.63771 368.64969 355.74303 342.44746 324.97520
328.12557 345.63127 357.61415 368.39504 377.33294 381.67275 374.87451 381.21455 376.88971 379.42617 370.73871 358.18329 346.18141 332.70971 315.15792
316.78111 333.78194 346.17736 356.85037 366.91309 370.91958 364.79857 370.20387 365.77683 368.95661 361.05064 347.30581 335.15466 321.46865 304.69041
470.75487 459.00078 449.64336 445.41566 451.74536 452.47557 456.42437 460.31593 461.28959 461.08760 468.53316 468.32763 477.38846 485.12689 492.77867
476.68189 465.93121 456.63519 449.61397 454.93240 455.13722 459.92168 463.18767 464.86153 467.18114 475.37365 477.09713 483.12397 490.40805 493.90726
478.95106 468.45114 460.92150 453.03817 456.74539 455.19041 459.19380 464.01893 466.41520 468.91761 478.11353 478.53697 482.61903 489.50307 490.23323
479.85635 470.62430 462.41453 454.74598 459.13107 457.36962 460.91786 466.19152 469.23254 471.63537 478.78703 479.04260 481.35481 489.40782 485.74448
480.45361 472.05210 463.35907 457.62502 461.15002 459.34721 462.66043 468.28641 471.20336 474.54976 478.21578 480.53667 480.56751 488.32815 481.75490
482.05063 474.03320 463.46623 459.66419 464.58113 462.24889 464.45245 471.46464 473.19020 473.23716 477.35718 481.61782 480.53460 484.38635 478.33725
480.43123 473.92175 465.27828 459.19209 464.71690 464.44415 467.71985 471.28134 472.54321 472.97051 478.25512 483.14168 480.33604 479.78675 474.38189
477.68639 475.38174 467.23600 459.65655 462.95770 463.72992 466.69410 469.35645 472.57859 474.77619 477.72286 482.84804 479.49196 475.69931 470.28797
475.15057 474.19936 468.08475 460.49527 464.86121 464.13368 465.63935 470.81611 472.99826 476.38797 478.13116 484.26790 477.45480 472.42385 466.24489
471.21216 472.14881 467.26931 461.60678 464.83675 464.73347 466.22555 471.72489 474.41424 476.10180 477.83641 480.69815 473.79556 468.92485 461.41267
467.24001 468.59080 465.94707 460.98740 464.49409 464.53254 465.73051 471.42539 474.38313 475.78973 476.63240 477.57734 471.33397 464.56311 455.81496
462.00055 464.29775 463.11203 461.24696 465.05317 464.03075 466.28204 470.10189 474.37392 474.65241 473.40966 473.70456 467.92621 459.07888 450.77168
457.23894 459.72263 459.02989 459.41808 464.76124 464.63567 464.57509 469.28090 471.71029 472.29727 470.15968 470.37070 464.63627 453.84706 443.92441
450.86905 454.74945 454.99171 455.16389 460.54161 461.58225 461.16917 462.95438 465.64958 467.71143 466.00752 465.57740 460.08490 448.13477 437.77535
443.98950 449.81312 452.36616 451.66826 456.84386 456.70955 455.67983 457.03533 460.22718 462.18168 462.07318 460.43803 455.45764 441.67966 430.57812
436.69923 443.16806 447.09465 447.65853 451.52339 451.41138 449.96912 451.56631 455.94020 457.92632 456.21514 454.73991 449.61144 435.96192 422.87643
428.71437 436.45940 442.04361 443.53048 447.29881 447.65359 444.03846 446.65251 450.89044 453.78906 450.50272 447.60038 443.19618 428.58975 414.57392
420.80812 430.15223 436.19030 437.84538 440.89197 440.16400 439.71568 441.26125 445.63226 446.73341 444.75136 440.46734 435.05413 420.96057 406.59381
411.48463 422.34160 429.18481 430.80257 435.73054 435.23611 432.81066 433.30494 437.89276 441.04147 438.26140 432.62544 427.03476 412.92128 396.64777
402.54580 413.48023 421.87687 423.01400 428.87126 428.06004 424.97036 425.87749 428.90039 433.24830 431.62799 424.12440 416.78353 404.29114 388.25822
392.39957 406.02121 413.04801 414.77074 421.18150 420.09015 418.20632 420.25190 421.85607 424.94928 423.66294 416.09593 407.44434 394.72940 379.23180
382.23545 395.01549 402.21331 407.65721 414.04491 411.95724 405.64540 412.58738 410.79948 417.51860 414.45733 406.95154 397.01259 385.18603 369.26464
371.77159 384.71244 392.12166 398.62775 404.49234 403.32306 392.22560 404.04898 399.15199 408.94352 404.88563 396.98702 387.27063 375.01969 359.49773
360.41734 373.66926 381.68282 388.61006 394.52479 394.89333 384.47275 394.40794 389.80590 399.78718 395.79608 386.36780 376.61182 364.02276 349.10577
482.17823 473.53267 467.70410 465.68840 471.04693 470.69609 473.92717 476.65438 478.31367 478.36807 484.63252 483.34192 487.51603 497.03680 509.69135
485.50890 473.76067 468.90456 466.01443 470.54375 469.50060 473.80039 477.05430 478.12659 478.97594 485.82715 484.37087 489.66061 500.10909 509.61271
488.23099 474.56461 470.65612 466.61881 471.74528 469.55461 473.10831 476.92176 478.18019 478.53650 486.45208 484.44059 489.66487 499.69134 508.14401
490.46588 477.95823 470.36964 467.20505 471.13834 470.79271 473.15387 477.01839 478.62329 481.35737 485.23097 485.48535 488.90307 501.59072 507.13635
491.90557 478.85025 469.11567 468.82685 472.90791 470.11363 472.99831 478.34418 480.85045 481.18924 483.92695 487.15887 488.37743 501.31823 505.75119
494.42482 481.93739 470.53255 467.09871 472.46514 472.89306 475.08485 480.60110 479.84136 478.87632 483.51136 487.86426 489.51650 498.25907 506.08007
495.59302 483.21969 472.04234 466.49793 470.77129 471.21057 474.60595 477.76389 478.34483 479.95366 484.59781 490.77620 489.42784 496.88432 505.94694
496.24915 485.38690 474.09066 467.30468 470.95737 469.90379 472.75760 477.15432 479.77964 481.60160 483.55621 491.70833 489.96227 494.89101 503.93998
497.15757 484.64201 474.69072 467.12183 472.25494 471.37527 473.78542 478.49343 480.36575 482.84715 485.68139 492.39755 488.98730 494.70164 501.34746
495.33931 483.13637 473.95845 467.77335 470.97612 471.56807 473.56499 478.03634 480.84200 483.20648 486.55828 490.21675 488.43503 492.86415 496.15393
493.80537 482.74931 473.56059 468.21213 471.49068 471.11108 473.27216 478.51208 483.24614 483.74445 485.39882 490.20179 488.68935 490.81595 492.17835
490.09420 481.18493 469.80000 468.54366 472.75562 471.84102 474.54299 478.30063 482.07205 482.23461 482.49847 488.32211 487.57217 486.44447 487.30074
486.80656 478.40875 468.31993 466.31865 471.67096 471.65110 472.33677 476.78578 478.51384 481.09079 481.74681 486.52180 486.51034 481.80171 481.41512
481.47554 475.08430 467.14216 463.64978 467.89512 468.48990 468.76487 470.22197 473.64205 478.91361 480.36417 484.56942 483.97576 477.02369 474.15522
474.73370 471.42109 465.09910 462.36131 466.54647 463.95129 462.49184 465.79110 469.98263 474.39613 477.35946 480.88845 480.82251 471.77735 467.91615
467.84706 466.11834 461.87174 459.78936 462.73093 461.39396 458.26667 460.92924 466.56016 470.25117 473.45290 477.20814 475.50311 466.78806 460.96103
460.34487 459.32639 458.89982 456.67713 459.03054 458.26918 454.56650 457.29450 463.11237 468.45936 469.59128 470.95847 469.93813 459.90722 453.24103
452.67226 453.63801 454.84124 451.78522 453.44918 451.17395 450.73631 452.59786 459.34270 463.45610 464.11485 464.16095 463.44833 453.06932 446.35424
444.57886 446.52823 448.79291 447.27013 449.30955 447.44812 444.75947 445.38548 451.98343 457.88145 458.05932 455.74880 455.90250 446.98702 438.95668
435.98616 438.40417 441.25588 439.36290 444.44577 442.09486 437.19411 438.56893 443.68130 450.37125 451.71505 447.81935 447.08528 440.21447 431.41044
427.27327 432.11599 433.68507 431.71361 437.24087 435.23082 432.29801 435.82768 437.59924 441.91413 444.80497 440.89489 438.28325 432.68302 424.02587
418.28395 421.13373 423.07137 424.12882 429.52846 426.52961 420.31545 429.20631 426.99337 434.35464 435.94326 433.84483 429.27702 425.09273 415.87307
408.59558 413.42039 413.78951 416.24853 419.94525 418.14381 405.75182 419.76153 415.13066 426.44431 426.62540 425.18767 420.78797 416.25957 407.34882
399.03555 402.65147 405.13063 407.08361 410.60182 409.51065 400.23936 410.68105 406.72127 418.97879 419.06149 415.71469 412.42153 407.42305 397.99352
491.67005 486.08411 487.60544 488.37519 495.86709 495.41273 497.74539 499.61720 499.75897 497.72518 502.64805 496.68259 497.49273 505.50002 515.28675
492.20106 483.49100 485.02251 485.50647 491.21183 492.06775 494.80393 496.51216 496.19731 495.13896 499.42559 493.41680 497.35174 504.92032 513.41573
493.08406 483.99053 482.94060 486.40514 491.20650 489.48746 492.07763 494.31641 495.02936 495.36869 496.35596 493.37482 496.18022 504.37602 512.59331
494.64997 486.18584 479.93286 484.06542 489.97228 488.95096 490.36741 495.02414 494.80004 492.74007 494.28244 495.27323 495.63226 505.98090 513.19119
495.97530 486.38623 479.82143 481.14557 486.60973 487.55948 490.48970 493.27314 491.93425 489.86376 494.11906 495.14379 494.22973 504.87693 512.10868
497.95533 488.38375 480.30507 478.03579 482.91879 485.02326 486.32887 490.26799 488.79036 488.07536 492.68837 494.30394 495.00989 502.74491 514.01688
499.34340 489.29691 480.97095 479.07986 482.41430 481.56363 484.35184 487.74225 489.35118 489.86207 492.23844 496.75679 494.40215 502.18353 514.73396
501.03942 490.22977 482.00794 477.82973 482.17922 482.61889 485.23205 488.78620 489.32959 488.91894 491.03671 497.20176 493.81790 501.22257 514.37747
503.63046 488.12504 481.76918 476.81847 480.72497 481.51230 484.79866 487.40087 488.58281 489.31448 491.66385 496.18633 492.33295 500.32941 512.32308
501.87432 487.00544 480.60767 476.57891 478.68907 480.24961 482.61673 487.36916 489.00024 490.17521 490.77456 494.16351 493.16765 499.93312 507.61830
500.95699 486.59857 478.23066 475.93566 478.74102 480.18494 482.84368 487.34064 490.57658 489.90181 488.98135 495.05257 492.10275 497.38549 503.79571
497.50216 484.76951 473.89583 474.04442 479.31954 479.62424 483.29754 485.82175 488.00440 486.67036 485.97845 493.29611 493.13167 494.33532 500.41990
494.60998 482.46796 473.84599 470.12166 476.11980 477.41443 479.06174 482.96221 483.68894 485.22499 486.63893 491.28789 491.92093 488.89027 495.76978
490.45308 480.25063 471.62191 467.96706 471.91810 473.74834 474.77529 476.56864 479.78277 483.51336 483.96068 489.77293 489.81167 484.62999 490.26821
484.68176 477.00187 469.19856 466.97065 471.05955 469.31728 469.91297 473.25565 476.48188 478.98644 481.57216 486.31017 486.23868 480.21327 485.37177
478.33904 470.80552 467.61663 464.29436 468.23536 466.91894 466.19476 468.67601 473.23676 474.71958 479.09713 482.75271 482.12909 475.40069 479.37605
471.37764 464.61961 463.40374 460.46536 463.90732 463.78146 462.92057 465.20326 469.58351 473.78615 473.84785 476.41784 477.90525 470.96238 473.21028
464.59632 459.26620 458.40307 456.82689 458.38179 457.74471 458.20244 461.16107 466.55685 468.92072 468.60960 469.71638 471.43138 466.07787 467.63499
457.38482 452.54221 453.06278 451.44679 454.24661 453.82657 453.30227 453.75607 459.18729 463.59088 462.08408 462.42609 466.23737 461.92701 461.02412
450.72988 445.48908 446.51656 443.47157 448.41376 449.00540 446.96298 447.22304 451.81421 455.76630 456.84150 454.51084 458.47287 457.53286 454.31364
442.87250 439.77511 439.09938 436.03399 441.15273 441.84125 440.14819 444.32376 444.73504 447.84793 450.13752 448.02971 450.93838 451.15770 446.27918
434.82827 429.40572 428.40580 428.96116 434.06890 433.47557 428.59032 436.71976 433.87826 439.83729 441.28281 442.22223 442.65317 444.80407 438.72677
426.33037 422.70610 419.36656 420.51580 424.63272 424.36407 415.63511 428.28878 422.64458 433.21268 432.85507 434.21294 435.64059 435.86254 431.54802
418.47910 413.09402 411.43283 412.19619 416.13253 416.04838 409.35555 420.02310 416.07688 425.49388 426.09561 425.71435 429.38405 426.40641 423.42565
525.09426 521.94710 525.22689 527.93952 536.10314 540.14532 542.08692 542.10275 539.40058 535.16238 537.05070 531.44609 532.76375 536.67641 541.91612
524.06526 518.79721 520.86493 523.90693 529.83143 531.96791 534.98402 535.11783 533.16134 530.89961 532.71912 528.33395 531.97799 532.61867 539.35461
523.53126 518.06968 518.35697 521.89046 526.29776 527.73788 529.20643 530.79044 529.99081 529.10930 530.49994 527.37037 529.46396 531.35343 539.30206
522.47021 521.17746 516.84366 519.61324 525.47354 526.19023 527.56792 529.68004 529.39858 527.92246 529.38712 529.37471 526.49354 532.07335 538.84765
522.77042 520.21395 516.11600 516.71608 522.38499 523.93803 526.19182 528.12343 527.45318 526.02702 529.25346 527.91167 524.26416 532.86728 538.09864
525.48316 519.17143 516.62552 515.75259 519.73188 521.43702 523.67532 526.47290 525.46880 524.41028 526.85561 525.67591 521.42677 530.30129 538.42051
527.02404 517.16030 515.66400 515.06307 518.59970 519.74216 522.12980 525.06744 525.08569 524.37613 525.47639 524.47339 521.59022 528.82195 537.93803
528.53330 517.11918 513.16526 513.55143 518.64054 520.10604 521.57695 524.60824 526.24783 523.49485 521.91267 522.78159 521.95095 528.65985 537.42405
529.79821 516.92175 510.82596 510.51598 517.20512 518.31445 521.55694 523.56918 523.51430 520.98949 518.88664 523.25022 520.88678 526.25452 535.97387
527.26182 517.09902 509.49580 507.17266 511.99263 515.88177 517.38547 520.87115 520.27435 518.22317 517.70277 522.20676 520.12569 524.26040 531.81848
523.87210 517.12923 506.03788 504.11204 508.43349 510.95007 514.32149 516.89139 518.25558 518.00136 517.49576 521.66727 519.53230 520.88554 529.31721
520.07652 512.45984 504.20971 502.47210 507.48493 508.59990 512.26264 515.12012 518.01926 517.22628 515.93983 521.06358 516.38052 516.39312 526.90393
517.12721 509.43977 502.59461 500.65572 506.50511 507.74051 509.51244 515.16457 515.47331 516.21745 515.24577 517.73593 514.07764 511.47717 524.24701
513.54250 504.26189 499.41475 498.55637 503.28471 505.13155 506.86303 508.75742 512.26807 514.08944 512.70443 514.24745 510.76199 508.55973 520.13614
510.03555 500.70845 496.42750 495.89838 501.47501 501.69413 503.49539 506.90739 510.39386 509.59818 508.27585 509.26268 508.36848 503.22092 514.96733
504.81581 493.83441 491.27612 492.40039 497.31129 499.53592 500.65203 502.58081 504.95316 504.84152 502.46914 504.59766 505.05292 501.78357 508.88594
498.02121 487.81772 485.95169 487.70223 492.06198 495.27889 495.40150 497.95119 499.82073 499.79551 497.28614 498.08465 502.07888 498.96403 502.31490
493.19419 482.17202 481.09827 481.30526 486.03426 487.31622 490.61833 492.05856 494.21023 493.61711 491.82271 491.98894 499.69915 494.68599 495.47801
485.98489 476.68400 475.74512 474.10333 478.71962 481.89628 482.80092 483.44736 486.45802 488.67757 485.57021 485.05212 494.11366 489.92838 490.70065
479.23226 470.14631 468.13613 466.59312 473.05104 474.73338 474.64029 475.52113 477.77557 480.87726 480.37725 478.85086 485.51310 483.74104 484.26835
472.73220 466.03504 462.12876 458.58653 466.33638 467.67311 467.17667 469.54474 471.20314 472.94241 474.92143 474.71760 478.14467 478.61913 476.59938
463.21985 455.86865 451.55845 452.62156 458.74566 459.36046 455.55434 463.05933 460.57904 465.20676 468.24940 470.05862 470.02529 472.24135 469.71361
455.59253 450.90141 443.89797 443.82842 449.89877 450.09324 443.36905 453.91502 449.01647 460.89768 462.79273 462.35208 463.31364 463.38653 462.01750
446.64197 440.81733 437.09716 436.30921 441.92014 442.14100 436.14241 445.66864 442.36729 455.74108 456.25772 452.59768 455.83100 454.09243 455.24497
559.05044 562.77088 570.28406 577.90422 585.54566 587.74441 587.54654 585.99783 583.85930 579.93648 579.65111 573.11093 568.38047 569.49275 575.30943
557.57471 557.36627 565.56245 571.48403 578.87360 580.36048 581.14899 581.19739 577.98097 575.41480 575.41614 567.86931 565.95416 566.89229 571.32346
557.19907 554.12396 561.17199 568.31678 574.61142 575.46123 575.74492 576.04863 574.21661 572.68531 571.67089 563.99059 563.61160 566.11427 568.95343
556.67230 555.19142 556.67748 563.48922 571.13254 572.55739 573.92921 574.26756 573.03896 570.39100 566.77512 562.29453 561.09490 565.93640 566.47126
557.04275 555.15456 553.65060 558.67688 565.28976 568.41161 570.81733 571.76170 569.63760 565.48491 563.92219 562.15996 559.15812 565.95216 564.49624
558.82336 553.50117 551.51734 554.72419 559.32350 563.42916 565.35840 566.70193 564.37402 561.25990 561.44469 560.27341 557.53341 561.82419 564.37460
557.68593 552.08008 550.42669 551.28683 556.20594 558.16063 560.90947 562.88592 562.20943 558.52508 560.34049 561.05869 555.98720 559.15335 564.88943
557.12620 552.83453 549.56481 550.93815 554.32727 555.84633 559.21815 560.56499 560.84151 558.78518 557.41495 559.61734 555.11798 555.70225 564.97930
555.90012 551.51341 548.20188 547.04888 553.16602 553.59313 555.70336 559.39606 560.54283 557.54785 555.49420 558.32312 552.38124 552.37118 565.02842
554.33902 548.78658 546.46330 544.85001 548.88111 551.90145 553.45526 557.39861 556.39799 555.79282 554.23384 555.28487 549.18672 550.87978 561.29644
550.63396 545.61689 542.37446 543.13044 547.70100 549.40698 551.15207 556.30084 556.14698 554.84319 552.55311 552.92654 546.35415 548.96607 559.50475
548.34273 540.50278 538.12859 539.92996 545.44233 547.12305 550.59057 553.82209 554.53227 552.93598 549.07135 548.78252 543.02025 544.61820 557.25891
546.34081 537.47508 533.61478 535.86261 541.86301 544.71942 547.20878 550.71843 551.14322 548.70744 544.26896 545.51597 541.26432 542.91381 553.45765
543.58875 531.23034 528.56654 531.18279 537.50573 540.55047 542.51335 545.22144 544.81000 543.82484 541.77593 541.41572 539.38894 539.22858 548.86968
539.95105 528.58901 524.37009 525.61413 532.94271 534.88036 536.34435 538.81838 539.06660 538.07362 537.05281 537.67935 539.19265 534.78408 543.60112
534.88351 523.89028 519.99473 521.44296 526.79018 529.83620 531.59874 533.62707 535.28707 533.20661 530.78220 535.47672 536.92322 531.97306 537.81822
527.28243 519.76257 515.57784 516.26209 521.23742 524.80975 525.53719 528.58358 531.10249 528.84962 526.80114 530.36253 533.11896 528.52910 531.85051
523.40687 513.69545 512.35557 509.99573 515.18448 516.97279 520.92618 523.92127 525.70928 523.72375 523.32943 524.05002 529.02282 523.78538 523.88450
514.91512 508.43044 508.43675 503.46994 509.17897 512.15444 513.47432 516.04353 519.12247 521.52444 519.78047 518.38718 524.19123 518.70278 519.17675
507.44705 501.37122 501.90985 497.44392 503.52011 506.52101 506.24498 508.04085 511.50757 516.56372 513.68743 510.85532 514.24881 511.63072 513.62388
501.40355 496.23377 494.63489 492.07914 500.04429 502.53436 502.44910 506.59000 508.50709 508.80009 507.39257 505.72140 507.02052 506.86461 506.85545
491.93319 486.21452 484.33444 486.23886 493.20425 496.36466 491.74920 500.97243 498.19280 501.85441 500.16451 500.46172 498.02448 499.22908 500.27810
483.97982 480.26184 475.05537 478.22151 485.00903 487.16292 479.33280 491.74910 487.26567 496.34057 495.03361 491.92876 489.71739 491.49621 492.27683
475.00155 470.72930 468.14041 469.19272 476.91486 478.62029 474.29513 483.58621 479.05531 490.65745 487.98332 482.73026 482.71796 482.94766 484.64531
603.63784 607.64537 617.74525 630.83549 637.59134 640.82974 639.96888 637.50657 632.43953 626.00913 623.67682 615.61583 613.52016 610.21582 609.04464
600.24297 602.02511 610.56738 621.48789 629.45052 631.44116 630.23617 628.54338 624.71970 621.02253 618.57490 610.27989 609.93875 605.97675 605.14875
598.05110 601.25594 606.39023 614.68042 622.32974 624.27146 624.95173 623.63515 620.28519 616.76400 614.66474 609.29331 606.53209 602.59993 603.06488
595.72528 598.77971 604.13352 608.37562 614.89938 619.35301 620.72718 620.16880 617.05489 612.95045 611.63924 607.11103 602.11593 600.51740 600.76655
593.82508 597.01029 602.25811 605.67510 609.58776 612.16395 614.78652 615.69598 612.16639 609.67445 608.20133 604.59089 598.19890 598.29904 600.53473
593.05586 594.04921 597.04307 602.15057 607.13296 608.20204 610.22413 611.62849 610.05689 607.73905 605.52606 601.26585 593.83155 595.51789 601.96773
591.62130 590.28503 592.92707 598.77081 604.76513 606.25707 609.40165 609.97019 608.64731 605.62217 602.06823 598.73824 590.37713 593.52538 603.09732
592.86717 588.21564 590.05211 593.94030 600.41211 601.55732 606.11324 607.31252 605.95170 601.93223 597.81084 596.20100 588.79567 590.46828 602.06206
593.53073 586.07543 586.09069 588.78286 594.96433 598.77459 602.31098 604.10467 601.92636 599.29768 594.47561 592.65026 587.13377 590.79654 600.62638
592.16599 583.82191 581.44962 583.92023 590.43055 594.00693 597.38341 599.57956 597.79431 595.86341 590.41481 589.14666 585.22227 588.81534 596.75252
589.41966 582.47541 576.68240 579.07387 585.58337 590.46497 593.56417 595.36885 596.00272 591.16650 588.15558 588.78483 583.21107 586.90330 593.98874
586.21561 580.06243 573.58548 575.71255 580.84589 585.81584 589.47505 592.47991 592.24907 588.42954 584.52832 587.01547 582.43611 581.60697 591.34429
583.38433 576.47656 570.60690 570.84326 578.60389 582.97367 586.00116 587.13272 589.17284 586.05358 582.75504 585.21691 580.34542 579.68468 587.12505
578.89659 572.08140 568.21865 566.84945 573.20073 577.49084 579.64215 583.23085 583.38623 585.82169 580.87928 581.38921 577.52135 574.90256 583.37521
574.33032 567.51192 565.61808 564.78111 571.55773 574.75337 577.39328 580.30724 580.38658 580.90313 578.60862 578.25413 575.12797 571.07717 576.77516
569.57652 562.64850 559.41026 562.48541 567.55858 572.15883 575.52502 577.35796 578.57913 575.95800 572.66623 573.14222 571.69615 565.69330 572.04156
561.64730 556.14559 554.24028 556.33463 563.90983 568.14222 569.14419 571.50917 573.47673 571.16711 567.74356 567.76126 567.68545 562.66104 565.24207
557.06127 550.65499 551.31544 550.20198 556.24671 559.86926 563.72428 566.15991 569.51939 566.86615 563.84461 560.51024 562.94527 557.09524 560.73821
549.70224 544.41257 545.24199 543.82296 552.49817 554.68041 556.87591 559.65411 561.77396 562.40325 558.15896 554.89613 557.26149 553.12235 553.44176
542.56338 537.86952 538.35597 539.70591 545.59794 551.53749 549.52180 551.53110 553.02575 554.55826 551.76312 547.96226 549.52067 546.84396 547.74876
535.34609 531.89971 530.53863 531.51049 540.53581 544.04958 544.27785 547.32512 546.09170 545.79514 545.63017 542.86038 541.67328 540.80799 543.46076
526.27564 523.07327 520.43065 524.11098 531.45128 535.19274 532.12989 537.31446 536.04247 540.43114 539.02376 536.85629 533.88383 534.35099 535.16272
518.73341 515.15796 512.23716 514.26201 522.99692 525.69193 517.72285 528.06880 523.38129 533.90592 532.35958 528.06042 525.98536 526.65248 527.79319
510.31446 505.64636 503.72450 507.38836 514.85598 516.67858 510.22263 519.02290 514.57934 526.91395 525.05706 520.65367 519.73245 518.25130 519.92030
