1.75333 1.74171 1.71968 1.69544 1.68082 1.65960 1.64700 1.63824 1.63141 1.63472 1.64809 1.66088 1.68952 1.71759 1.74240
1.76353 1.76202 1.74948 1.72901 1.71278 1.69437 1.68596 1.68054 1.67523 1.67648 1.68675 1.69575 1.71836 1.74271 1.75657
1.76826 1.77013 1.76129 1.74662 1.73032 1.70928 1.69980 1.69493 1.69103 1.69239 1.70141 1.71142 1.73284 1.75271 1.76016
1.77311 1.77659 1.76990 1.75993 1.74508 1.72493 1.71380 1.70721 1.70336 1.70585 1.71468 1.72688 1.74597 1.75938 1.76417
1.77855 1.78105 1.77959 1.77065 1.75640 1.74017 1.72861 1.72152 1.71690 1.71991 1.73008 1.74136 1.75720 1.76552 1.76813
1.78275 1.78748 1.78678 1.78024 1.76637 1.75455 1.74292 1.73641 1.73178 1.73465 1.74342 1.75581 1.76561 1.77211 1.77259
1.78713 1.79313 1.79329 1.78908 1.77738 1.76561 1.75636 1.74923 1.74709 1.75040 1.75742 1.76727 1.77551 1.77811 1.77518
1.79288 1.80023 1.79964 1.79583 1.78463 1.77649 1.76648 1.76137 1.75861 1.76227 1.76763 1.77715 1.78405 1.78402 1.78097
1.80109 1.80472 1.80811 1.80213 1.79267 1.78502 1.77649 1.77052 1.76876 1.77338 1.77920 1.78539 1.79152 1.79075 1.78613
1.80815 1.81168 1.81425 1.80928 1.80121 1.79346 1.78489 1.78084 1.77887 1.78352 1.78732 1.79458 1.79966 1.79688 1.79410
1.81453 1.81789 1.81908 1.81483 1.80868 1.80252 1.79333 1.78965 1.78826 1.79147 1.79440 1.80314 1.80642 1.80389 1.80096
1.82051 1.82353 1.82801 1.82021 1.81357 1.80841 1.80255 1.79830 1.79613 1.79793 1.80366 1.80851 1.81468 1.81048 1.80614
1.82685 1.82893 1.83168 1.82513 1.82260 1.81601 1.81002 1.80950 1.80645 1.80732 1.81217 1.81442 1.82066 1.81663 1.81024
1.83206 1.83535 1.83620 1.82871 1.82732 1.82335 1.82099 1.81784 1.81697 1.81633 1.81732 1.82126 1.82639 1.82326 1.81823
1.83824 1.83972 1.84521 1.83625 1.83616 1.82893 1.82993 1.82736 1.82527 1.82592 1.82361 1.82789 1.83386 1.82836 1.82354
1.84263 1.84496 1.84714 1.83947 1.83889 1.83773 1.83887 1.83551 1.83593 1.83240 1.83152 1.83437 1.83961 1.83524 1.83057
1.84634 1.84805 1.85014 1.84640 1.84738 1.84774 1.84725 1.84605 1.84421 1.84090 1.83799 1.84024 1.84418 1.83957 1.83589
1.85302 1.85669 1.85472 1.85252 1.85314 1.85318 1.85691 1.85369 1.85095 1.85059 1.84763 1.84699 1.84870 1.84795 1.84297
1.85617 1.86030 1.85929 1.85657 1.85929 1.86361 1.86288 1.86094 1.86023 1.85726 1.85330 1.85382 1.85573 1.85365 1.84606
1.86144 1.86221 1.86170 1.86187 1.86587 1.86882 1.86857 1.86629 1.86477 1.86549 1.85927 1.85826 1.85826 1.85996 1.85321
1.86533 1.86744 1.86579 1.86523 1.86970 1.87620 1.87430 1.87231 1.87199 1.87191 1.86809 1.86508 1.86457 1.86434 1.85929
1.86929 1.86868 1.86821 1.87059 1.87626 1.88016 1.87681 1.87594 1.87484 1.87874 1.87478 1.87056 1.86852 1.86938 1.86412
1.87126 1.87196 1.86952 1.87333 1.87968 1.88431 1.87777 1.87992 1.87799 1.88450 1.88110 1.87486 1.87343 1.87333 1.86881
1.87296 1.87271 1.87175 1.87526 1.88307 1.88575 1.87958 1.88172 1.87917 1.88768 1.88636 1.87945 1.87726 1.87728 1.87333
1.79627 1.76164 1.72083 1.68642 1.66921 1.64400 1.63012 1.62133 1.61498 1.61808 1.63166 1.64443 1.67772 1.71586 1.76660
1.81619 1.79034 1.75636 1.71735 1.69835 1.67642 1.66377 1.65671 1.65098 1.65208 1.66373 1.67525 1.70550 1.74900 1.79140
1.82553 1.80539 1.77369 1.74176 1.71734 1.69338 1.68205 1.67478 1.66995 1.67075 1.68177 1.69136 1.72319 1.76575 1.80191
1.83394 1.81733 1.78793 1.76200 1.73733 1.70868 1.69708 1.69116 1.68601 1.68820 1.69590 1.70674 1.74122 1.78080 1.81136
1.84297 1.82865 1.80354 1.77908 1.75581 1.72729 1.71196 1.70472 1.69994 1.70113 1.71246 1.72473 1.75948 1.79358 1.81952
1.85188 1.83926 1.81582 1.79556 1.77302 1.74958 1.73215 1.72287 1.71571 1.71814 1.73150 1.74526 1.77448 1.80566 1.82894
1.85890 1.84914 1.83023 1.81216 1.78954 1.76867 1.75278 1.74200 1.73605 1.74129 1.75371 1.76611 1.79175 1.81808 1.83736
1.86785 1.86077 1.84332 1.82569 1.80418 1.78610 1.77112 1.76018 1.75516 1.76119 1.77160 1.78377 1.80738 1.82881 1.84523
1.87604 1.86995 1.85645 1.83946 1.81856 1.80214 1.78752 1.77698 1.77194 1.77857 1.79071 1.80006 1.82064 1.84158 1.85442
1.88373 1.87919 1.86816 1.85323 1.83255 1.81747 1.80279 1.79361 1.78940 1.79584 1.80505 1.81646 1.83469 1.85239 1.86460
1.89035 1.88674 1.87752 1.86513 1.84760 1.83302 1.81819 1.81023 1.80510 1.81069 1.82102 1.83178 1.84930 1.86432 1.87285
1.89654 1.89427 1.88887 1.87636 1.86058 1.84759 1.83583 1.82628 1.82148 1.82419 1.83705 1.84530 1.86234 1.87390 1.88050
1.90244 1.90104 1.89602 1.88446 1.87400 1.86262 1.85077 1.84273 1.83881 1.84261 1.85186 1.85844 1.87404 1.88197 1.88527
1.90789 1.90841 1.90344 1.89220 1.88358 1.87657 1.86528 1.85476 1.85399 1.85857 1.86492 1.87136 1.88394 1.89111 1.89331
1.91323 1.91346 1.91291 1.90031 1.89483 1.88892 1.87655 1.86730 1.86591 1.87323 1.87740 1.88116 1.89424 1.89804 1.89848
1.91788 1.91972 1.91732 1.90693 1.90177 1.89983 1.88707 1.87872 1.87953 1.88478 1.88732 1.89137 1.90282 1.90608 1.90547
1.92235 1.92427 1.92290 1.91514 1.91251 1.91075 1.89733 1.88969 1.88954 1.89673 1.89804 1.89906 1.91028 1.91194 1.91141
1.92864 1.93156 1.92842 1.92122 1.92093 1.91574 1.90646 1.89948 1.89839 1.90647 1.91008 1.90734 1.91641 1.92042 1.91860
1.93291 1.93579 1.93318 1.92704 1.93076 1.92613 1.91369 1.90592 1.90656 1.91445 1.91915 1.91537 1.92382 1.92739 1.92319
1.93756 1.93900 1.93665 1.93296 1.93840 1.93148 1.91846 1.91163 1.91235 1.92164 1.92851 1.92264 1.92917 1.93376 1.92972
1.94093 1.94427 1.94041 1.93806 1.94478 1.93724 1.92623 1.91998 1.91984 1.92846 1.93805 1.93100 1.93500 1.93912 1.93556
1.94412 1.94595 1.94240 1.94449 1.95013 1.94158 1.92634 1.92661 1.92264 1.93525 1.94435 1.93930 1.93979 1.94490 1.94071
1.94697 1.94833 1.94495 1.94853 1.95300 1.94597 1.92684 1.93089 1.92412 1.94148 1.94960 1.94526 1.94480 1.94866 1.94443
1.94776 1.94896 1.94699 1.95166 1.95552 1.94823 1.93146 1.93462 1.92937 1.94638 1.95525 1.95149 1.94976 1.95268 1.94979
1.82052 1.77204 1.72450 1.69036 1.67476 1.65144 1.63964 1.63300 1.62851 1.63191 1.64443 1.65493 1.68151 1.71786 1.77659
1.84423 1.79752 1.75184 1.71088 1.69368 1.67226 1.65998 1.65392 1.64959 1.65087 1.66249 1.67380 1.70000 1.74302 1.79989
1.85862 1.81493 1.77041 1.73233 1.70773 1.68750 1.67627 1.66827 1.66434 1.66549 1.67752 1.68690 1.71338 1.76152 1.81477
1.87163 1.83230 1.78606 1.75448 1.72580 1.70050 1.69035 1.68489 1.68024 1.68258 1.69005 1.69990 1.73101 1.77872 1.82943
1.88506 1.84844 1.80326 1.77347 1.74667 1.71592 1.70260 1.69782 1.69321 1.69407 1.70314 1.71444 1.75014 1.79584 1.84306
1.89879 1.86526 1.82028 1.79228 1.76509 1.73828 1.71982 1.71251 1.70556 1.70741 1.71967 1.73402 1.76841 1.81139 1.85972
1.90993 1.87769 1.83776 1.81127 1.78379 1.75985 1.74242 1.72992 1.72425 1.72885 1.74163 1.75512 1.78773 1.82799 1.87485
1.92178 1.89138 1.85680 1.82742 1.79992 1.77856 1.76337 1.75093 1.74514 1.75090 1.76262 1.77444 1.80670 1.84444 1.88616
1.93303 1.90423 1.87339 1.84703 1.81766 1.79783 1.78103 1.76949 1.76433 1.77046 1.78350 1.79273 1.82381 1.86227 1.89907
1.94303 1.91728 1.88860 1.86616 1.83494 1.81535 1.79946 1.78898 1.78218 1.78906 1.80034 1.81202 1.84182 1.87774 1.91069
1.95248 1.92889 1.90280 1.88137 1.85444 1.83467 1.81737 1.80750 1.80133 1.80746 1.82047 1.83161 1.86089 1.89359 1.92186
1.96020 1.93886 1.91760 1.89628 1.87274 1.85322 1.83881 1.82754 1.82062 1.82374 1.83919 1.84938 1.87695 1.90533 1.93355
1.96976 1.94934 1.93073 1.90874 1.88957 1.87447 1.85911 1.84839 1.84200 1.84704 1.85969 1.86747 1.89286 1.91813 1.94350
1.97705 1.95910 1.94298 1.92187 1.90295 1.89256 1.87561 1.86287 1.85916 1.86687 1.87809 1.88496 1.90703 1.93118 1.95284
1.98350 1.96775 1.95523 1.93542 1.91938 1.90836 1.88969 1.87833 1.87606 1.88527 1.89381 1.89897 1.92212 1.94131 1.96138
1.99002 1.97554 1.96453 1.94656 1.93192 1.92412 1.90333 1.89165 1.89103 1.90193 1.90717 1.91520 1.93656 1.95203 1.96892
1.99600 1.98297 1.97430 1.95748 1.94451 1.93797 1.91453 1.90532 1.90483 1.91680 1.92246 1.92744 1.94830 1.96044 1.97697
2.00204 1.99246 1.98317 1.96613 1.95615 1.94427 1.92844 1.91627 1.91606 1.92807 1.93757 1.93921 1.95774 1.97126 1.98553
2.00722 2.00001 1.99118 1.97426 1.96836 1.95551 1.93659 1.92433 1.92483 1.93925 1.94951 1.94891 1.96696 1.98151 1.99185
2.01188 2.00459 1.99742 1.98253 1.97721 1.96324 1.94390 1.93355 1.93447 1.94754 1.96216 1.96026 1.97527 1.99010 1.99922
2.01570 2.01211 2.00258 1.98873 1.98590 1.96979 1.95263 1.94503 1.94322 1.95516 1.97177 1.97106 1.98407 1.99813 2.00606
2.01868 2.01425 2.00508 1.99741 1.99340 1.97658 1.95412 1.95403 1.94630 1.96504 1.97933 1.98120 1.99172 2.00511 2.01100
2.02231 2.01827 2.00922 2.00309 1.99838 1.98305 1.95373 1.96053 1.94923 1.97398 1.98761 1.99022 1.99991 2.01148 2.01672
2.02371 2.01918 2.01291 2.00769 2.00380 1.98875 1.96259 1.96599 1.95718 1.98278 1.99599 1.99764 2.00581 2.01584 2.02125
1.84744 1.79534 1.75410 1.71617 1.70082 1.68567 1.67518 1.66835 1.66498 1.66924 1.68071 1.68948 1.70862 1.74689 1.79831
1.86654 1.81292 1.77076 1.73448 1.71240 1.69407 1.68665 1.68201 1.67791 1.68049 1.68993 1.69768 1.72180 1.76269 1.81443
1.88185 1.82934 1.78559 1.75401 1.72980 1.70511 1.69607 1.69162 1.68936 1.69056 1.69912 1.70837 1.73681 1.77786 1.83005
1.89679 1.84874 1.80093 1.77124 1.74824 1.72072 1.70759 1.70219 1.69899 1.70122 1.71054 1.72398 1.75309 1.79365 1.84483
1.91258 1.86659 1.81746 1.78870 1.76479 1.73912 1.72360 1.71602 1.71092 1.71330 1.72805 1.73970 1.76850 1.80817 1.86000
1.93098 1.88426 1.83437 1.80632 1.78163 1.75884 1.74304 1.73650 1.72870 1.73192 1.74544 1.75771 1.78526 1.82298 1.87891
1.94744 1.89759 1.85326 1.82528 1.79931 1.77583 1.76233 1.75276 1.74811 1.75252 1.76338 1.77489 1.80323 1.84133 1.89535
1.96133 1.91343 1.87212 1.84259 1.81464 1.79447 1.77958 1.76954 1.76559 1.77029 1.78151 1.79283 1.82021 1.85904 1.91130
1.97617 1.92884 1.88900 1.86273 1.83257 1.81269 1.79692 1.78646 1.78232 1.78835 1.80037 1.80924 1.83952 1.87844 1.92745
1.98855 1.94382 1.90484 1.88244 1.85058 1.83137 1.81461 1.80637 1.80001 1.80562 1.81653 1.82460 1.85705 1.89513 1.94089
2.00196 1.95900 1.92186 1.89730 1.87055 1.84985 1.83392 1.82538 1.81827 1.82266 1.83527 1.84609 1.87600 1.91315 1.95578
2.01316 1.97234 1.93919 1.91403 1.88775 1.87146 1.85726 1.84524 1.83818 1.84195 1.85550 1.86407 1.89051 1.92900 1.97063
2.02311 1.98417 1.95439 1.93029 1.90469 1.89059 1.87803 1.86771 1.86002 1.86614 1.87610 1.88114 1.90744 1.94436 1.98541
2.03313 1.99708 1.96850 1.94537 1.92088 1.90950 1.89304 1.88147 1.87719 1.88470 1.89299 1.89861 1.92379 1.95859 1.99641
2.04152 2.00942 1.98509 1.96062 1.94008 1.92665 1.90715 1.89738 1.89456 1.90230 1.90967 1.91581 1.94088 1.97077 2.00866
2.04794 2.01828 1.99987 1.97314 1.95320 1.94365 1.92168 1.91037 1.90949 1.91892 1.92461 1.93206 1.95639 1.98331 2.01811
2.05415 2.02828 2.01188 1.98729 1.96756 1.95702 1.93621 1.92547 1.92428 1.93663 1.94109 1.94700 1.97273 1.99602 2.02729
2.06104 2.03826 2.02294 1.99897 1.98032 1.96438 1.94947 1.93780 1.93725 1.94909 1.95758 1.95979 1.98587 2.00919 2.03622
2.06690 2.04829 2.03244 2.00886 1.99435 1.97636 1.95865 1.94668 1.94695 1.95944 1.97196 1.97283 1.99852 2.02009 2.04468
2.07434 2.05526 2.03945 2.01585 2.00608 1.98867 1.96493 1.95442 1.95623 1.96949 1.98583 1.98528 2.00799 2.03047 2.05305
2.07935 2.06456 2.04714 2.02431 2.01498 1.99558 1.97515 1.96784 1.96402 1.97758 1.99641 1.99766 2.01753 2.03987 2.06211
2.08563 2.06902 2.04953 2.03297 2.02285 2.00212 1.97753 1.98003 1.96933 1.98898 2.00556 2.01050 2.02592 2.04918 2.06984
2.09109 2.07613 2.05502 2.03982 2.02884 2.01168 1.97879 1.98917 1.97375 2.00050 2.01411 2.02002 2.03475 2.05725 2.07752
2.09569 2.07967 2.06165 2.04644 2.03495 2.01824 1.99111 1.99727 1.98641 2.01043 2.02361 2.02865 2.04293 2.06427 2.08439
1.84050 1.79119 1.75692 1.72608 1.71040 1.69571 1.68920 1.68540 1.68412 1.68719 1.69425 1.70137 1.71972 1.75298 1.79450
1.85313 1.80588 1.76935 1.74066 1.72084 1.70109 1.69405 1.69103 1.68952 1.69181 1.69917 1.70767 1.72890 1.76297 1.80551
1.86724 1.82024 1.78212 1.75653 1.73629 1.71250 1.70275 1.69831 1.69664 1.69897 1.70697 1.71794 1.74311 1.77497 1.81948
1.88256 1.83736 1.79495 1.77068 1.75199 1.72701 1.71399 1.70928 1.70596 1.70798 1.71861 1.73214 1.75594 1.78895 1.83273
1.89929 1.85434 1.80997 1.78575 1.76538 1.74346 1.72968 1.72230 1.71757 1.72111 1.73388 1.74797 1.76987 1.80181 1.84421
1.91686 1.87147 1.82519 1.80231 1.78058 1.75969 1.74663 1.74075 1.73430 1.73724 1.74872 1.76219 1.78300 1.81518 1.86156
1.93449 1.88391 1.84104 1.81810 1.79418 1.77415 1.76309 1.75427 1.75060 1.75472 1.76498 1.77631 1.79719 1.83323 1.88025
1.94969 1.89924 1.85865 1.83458 1.80878 1.79123 1.77891 1.76994 1.76667 1.76998 1.77901 1.79115 1.81308 1.84733 1.89684
1.96676 1.91279 1.87583 1.85267 1.82513 1.80657 1.79395 1.78471 1.78195 1.78696 1.79606 1.80570 1.83089 1.86563 1.91266
1.97998 1.92995 1.89050 1.87048 1.84072 1.82393 1.80997 1.80297 1.79779 1.80134 1.81102 1.81977 1.84466 1.88309 1.92657
1.99401 1.94444 1.90746 1.88601 1.85818 1.84121 1.82801 1.81970 1.81392 1.81619 1.82721 1.83759 1.86354 1.89901 1.94168
2.00722 1.95654 1.92209 1.90143 1.87627 1.85920 1.84828 1.83876 1.83156 1.83409 1.84480 1.85472 1.88049 1.91336 1.95841
2.01934 1.96986 1.93945 1.91485 1.89172 1.87890 1.86909 1.85869 1.85425 1.85472 1.86374 1.87181 1.89518 1.92687 1.97284
2.03042 1.98329 1.95421 1.93033 1.90640 1.89781 1.88409 1.87316 1.87070 1.87514 1.87921 1.88733 1.90983 1.94017 1.98531
2.03885 1.99534 1.96883 1.94521 1.92381 1.91197 1.89983 1.88958 1.88736 1.89181 1.89601 1.90188 1.92700 1.95440 1.99833
2.04898 2.00800 1.98322 1.95857 1.93805 1.92945 1.91249 1.90212 1.90180 1.90645 1.90903 1.91919 1.94330 1.96723 2.01126
2.05514 2.01880 1.99906 1.97229 1.95287 1.94351 1.92614 1.91619 1.91435 1.92382 1.92487 1.93083 1.95514 1.98139 2.02184
2.06351 2.03042 2.01217 1.98367 1.96485 1.95165 1.93990 1.92773 1.92665 1.93404 1.94289 1.94457 1.96910 1.99475 2.03123
2.06970 2.04059 2.02256 1.99355 1.97806 1.96317 1.94896 1.93719 1.93694 1.94696 1.95689 1.95542 1.98258 2.00682 2.04135
2.07670 2.04953 2.03042 2.00224 1.99023 1.97440 1.95529 1.94641 1.94739 1.95682 1.96815 1.96731 1.99421 2.01811 2.04774
2.08298 2.05968 2.03858 2.01167 2.00082 1.98217 1.96608 1.95989 1.95603 1.96541 1.97940 1.98097 2.00280 2.02944 2.05840
2.08978 2.06509 2.04026 2.02165 2.00885 1.99059 1.96918 1.97153 1.96042 1.97689 1.98905 1.99412 2.01283 2.03898 2.06830
2.09657 2.07362 2.04655 2.02713 2.01543 2.00112 1.97152 1.98113 1.96726 1.98972 1.99925 2.00488 2.02174 2.04822 2.07814
2.10425 2.07951 2.05338 2.03469 2.02242 2.00943 1.98391 1.99055 1.97859 2.00147 2.01036 2.01433 2.03014 2.05584 2.08537
1.89682 1.85196 1.82284 1.79814 1.78682 1.77077 1.76254 1.75894 1.75934 1.76168 1.77082 1.78001 1.79474 1.81960 1.85752
1.90527 1.86537 1.83193 1.80650 1.79372 1.77684 1.76841 1.76503 1.76344 1.76564 1.77549 1.78414 1.80081 1.82652 1.86590
1.91846 1.87865 1.84429 1.81941 1.80401 1.78739 1.77735 1.77230 1.77037 1.77387 1.78336 1.79355 1.80993 1.83791 1.87805
1.93114 1.89330 1.85808 1.83281 1.81545 1.79903 1.78821 1.78472 1.78028 1.78561 1.79358 1.80457 1.82228 1.85087 1.89003
1.94754 1.90866 1.87246 1.84828 1.82772 1.81024 1.80118 1.79520 1.79236 1.79626 1.80478 1.81507 1.83341 1.86357 1.90056
1.96446 1.92345 1.88520 1.86486 1.84281 1.82300 1.81264 1.80693 1.80424 1.80660 1.81641 1.82818 1.84659 1.87736 1.91482
1.98126 1.93485 1.89938 1.88033 1.85681 1.83789 1.82735 1.81888 1.81581 1.81956 1.82865 1.84082 1.86089 1.89190 1.93041
1.99850 1.95033 1.91364 1.89369 1.87318 1.85376 1.84344 1.83718 1.83306 1.83450 1.84204 1.85536 1.87682 1.90477 1.94574
2.01520 1.96428 1.92977 1.90954 1.88680 1.87223 1.86120 1.85405 1.84705 1.84959 1.85886 1.86979 1.89103 1.91922 1.96227
2.02741 1.97967 1.94463 1.92412 1.90020 1.88707 1.87903 1.87662 1.86809 1.86954 1.87563 1.88295 1.90267 1.93537 1.97615
2.04020 1.99616 1.96053 1.93862 1.91427 1.90313 1.89778 1.89285 1.88609 1.88290 1.88970 1.89692 1.91936 1.95140 1.99083
2.05258 2.00748 1.97439 1.95383 1.93032 1.92008 1.91651 1.91122 1.90428 1.89940 1.90295 1.91153 1.93551 1.96306 2.00628
2.06732 2.02037 1.98872 1.96714 1.94675 1.93901 1.93353 1.92656 1.92295 1.91923 1.91935 1.92741 1.94872 1.97825 2.01958
2.07685 2.03259 2.00546 1.98285 1.96136 1.95610 1.94667 1.93783 1.93833 1.93796 1.93688 1.94043 1.96176 1.99041 2.03130
2.08756 2.04352 2.01855 1.99657 1.97774 1.96869 1.95859 1.95043 1.95140 1.95393 1.95185 1.95651 1.97596 2.00457 2.04280
2.09903 2.05476 2.02956 2.00967 1.99150 1.98289 1.97016 1.96253 1.96049 1.96602 1.96598 1.97146 1.99152 2.01865 2.05393
2.10719 2.06635 2.04284 2.02321 2.00605 1.99657 1.98132 1.97582 1.97296 1.98011 1.97983 1.98336 2.00714 2.03048 2.06594
2.11652 2.07843 2.05545 2.03330 2.01669 2.00586 1.99581 1.98667 1.98490 1.98903 1.99507 1.99726 2.01763 2.04032 2.07858
2.12553 2.08971 2.06808 2.04222 2.02686 2.01696 2.00666 1.99627 1.99716 2.00216 2.00800 2.01011 2.03049 2.05201 2.08992
2.13298 2.10079 2.07660 2.04964 2.03740 2.02673 2.01375 2.00443 2.00620 2.01338 2.01750 2.02111 2.03922 2.06486 2.10086
2.14072 2.11102 2.08652 2.05807 2.04575 2.03407 2.02399 2.01857 2.01474 2.02063 2.02725 2.03291 2.04965 2.07546 2.11502
2.14668 2.11752 2.08989 2.06953 2.05391 2.04216 2.02640 2.02860 2.02033 2.03026 2.03615 2.04379 2.05810 2.08551 2.12380
2.15294 2.12649 2.09719 2.07615 2.06103 2.04878 2.02818 2.03690 2.02447 2.04105 2.04615 2.05267 2.06801 2.09682 2.13228
2.15893 2.13192 2.10678 2.08388 2.06885 2.05774 2.03731 2.04481 2.03414 2.05119 2.05721 2.06057 2.07757 2.10450 2.14020
1.95493 1.91767 1.89492 1.87764 1.86539 1.85068 1.84189 1.83969 1.84177 1.84495 1.85247 1.86302 1.87336 1.89155 1.92237
1.96411 1.92676 1.90070 1.88326 1.87195 1.85498 1.84569 1.84337 1.84245 1.84648 1.85548 1.86577 1.87731 1.89723 1.92850
1.97744 1.94017 1.91308 1.89334 1.88099 1.86509 1.85345 1.85144 1.84969 1.85254 1.86297 1.87302 1.88573 1.90658 1.93921
1.98947 1.95455 1.92389 1.90457 1.88945 1.87539 1.86642 1.86023 1.85855 1.86490 1.87308 1.88150 1.89405 1.91771 1.95095
2.00639 1.96937 1.93717 1.91707 1.89936 1.88517 1.87814 1.87366 1.87043 1.87380 1.87937 1.89127 1.90428 1.93123 1.96161
2.02176 1.98416 1.94914 1.93055 1.91037 1.89546 1.88701 1.88573 1.88096 1.88299 1.88940 1.89957 1.91479 1.94303 1.97412
2.03778 1.99687 1.96237 1.94591 1.92327 1.90863 1.90340 1.89802 1.89313 1.89252 1.90087 1.91207 1.92823 1.95360 1.99125
2.05239 2.01068 1.97614 1.95739 1.93743 1.92346 1.91785 1.91371 1.91037 1.90569 1.91244 1.92281 1.94177 1.96682 2.00575
2.06973 2.02356 1.99094 1.97180 1.95188 1.93693 1.93384 1.93176 1.92342 1.91958 1.92568 1.93678 1.95448 1.98116 2.02300
2.08342 2.03629 2.00536 1.98722 1.96535 1.95354 1.94961 1.94776 1.94068 1.93736 1.94110 1.95013 1.96779 1.99689 2.03437
2.09688 2.05095 2.02022 2.00116 1.97898 1.96863 1.96466 1.96137 1.95564 1.95202 1.95425 1.96254 1.98211 2.01136 2.04643
2.11037 2.06344 2.03432 2.01563 1.99233 1.98295 1.98038 1.97614 1.97033 1.96699 1.96915 1.97561 1.99695 2.02413 2.06369
2.12649 2.07493 2.04510 2.02725 2.00977 1.99940 1.99448 1.98938 1.98505 1.98344 1.98458 1.99110 2.01074 2.03613 2.07757
2.13537 2.08790 2.05778 2.03915 2.02261 2.01480 2.00628 2.00112 1.99719 1.99983 2.00181 2.00738 2.02372 2.04844 2.08937
2.14450 2.10083 2.07289 2.05447 2.03403 2.02273 2.01662 2.01297 2.01055 2.01195 2.01433 2.01987 2.03629 2.05923 2.10064
2.15409 2.11392 2.08843 2.06449 2.04587 2.03303 2.02864 2.02350 2.01926 2.02009 2.02405 2.03296 2.04696 2.07430 2.11314
2.16039 2.12594 2.10195 2.07797 2.05467 2.04602 2.03773 2.03409 2.03114 2.03014 2.03474 2.04236 2.06158 2.08557 2.12278
2.16701 2.13812 2.11550 2.08798 2.06463 2.05421 2.05113 2.04490 2.04344 2.04103 2.04454 2.05231 2.07498 2.09835 2.13554
2.17422 2.14720 2.12947 2.09902 2.07596 2.06828 2.06153 2.05672 2.05495 2.05189 2.05426 2.06464 2.08946 2.11361 2.14280
2.18048 2.15587 2.13782 2.10678 2.08816 2.08253 2.07178 2.06587 2.06480 2.06644 2.06767 2.07619 2.09946 2.12533 2.15322
2.18791 2.16551 2.14710 2.11630 2.09866 2.09135 2.08373 2.07984 2.07716 2.07875 2.07833 2.08602 2.11035 2.13613 2.16388
2.19342 2.17031 2.14994 2.12771 2.11168 2.10245 2.08790 2.09361 2.08361 2.09064 2.08833 2.09567 2.12206 2.14490 2.17404
2.20067 2.17745 2.15490 2.13433 2.12120 2.11415 2.09303 2.10246 2.08766 2.10652 2.10234 2.10633 2.13039 2.15332 2.17990
2.20812 2.18217 2.16301 2.13948 2.13025 2.12359 2.10511 2.11411 2.09976 2.11774 2.11792 2.11696 2.13942 2.16128 2.18743
2.02439 1.99516 1.97455 1.96043 1.95102 1.94195 1.93881 1.93511 1.93914 1.94327 1.94950 1.95238 1.95747 1.97003 1.99819
2.03378 2.00227 1.97917 1.96520 1.95463 1.94313 1.93902 1.93624 1.93948 1.94327 1.94911 1.95317 1.96063 1.97451 2.00329
2.04476 2.01367 1.99241 1.97184 1.95981 1.94989 1.94415 1.94116 1.94238 1.94551 1.95072 1.95736 1.96717 1.98397 2.01374
2.05644 2.02586 2.00153 1.98350 1.96909 1.95709 1.95088 1.94835 1.94682 1.95092 1.95618 1.96400 1.97407 1.99488 2.02280
2.07092 2.03895 2.01330 1.99539 1.97796 1.96552 1.95855 1.95708 1.95507 1.95594 1.96242 1.97257 1.98325 2.00697 2.03233
2.08775 2.05339 2.02312 2.00982 1.98964 1.97488 1.97043 1.96808 1.96484 1.96570 1.96936 1.97920 1.99427 2.01590 2.04246
2.10776 2.06491 2.03454 2.02057 2.00306 1.98896 1.98500 1.98242 1.97956 1.97648 1.98159 1.99215 2.00483 2.02593 2.05710
2.12230 2.07946 2.04687 2.03089 2.01404 2.00374 2.00027 1.99604 1.99080 1.99022 1.99313 2.00282 2.01631 2.03875 2.07197
2.13941 2.09136 2.05907 2.04363 2.02513 2.01804 2.01532 2.01053 2.00547 2.00550 2.00637 2.01574 2.02701 2.04990 2.08864
2.14993 2.10625 2.07021 2.05476 2.03875 2.03069 2.02627 2.02209 2.01939 2.01910 2.01900 2.02626 2.03826 2.06380 2.10189
2.16034 2.12257 2.08561 2.06807 2.05210 2.04381 2.03730 2.03378 2.02977 2.03077 2.03170 2.03722 2.05206 2.08207 2.11781
2.17249 2.13520 2.10076 2.08470 2.06503 2.05672 2.04834 2.04462 2.04113 2.04381 2.04509 2.05063 2.06444 2.09343 2.13445
2.18598 2.14331 2.11597 2.09826 2.08024 2.06882 2.06034 2.05668 2.05382 2.05438 2.06037 2.06450 2.07832 2.10767 2.14716
2.19439 2.15517 2.13188 2.11282 2.09378 2.07995 2.07482 2.06978 2.06314 2.06722 2.07341 2.07863 2.09287 2.12163 2.15722
2.20630 2.16494 2.14637 2.12752 2.10614 2.09291 2.08681 2.08273 2.07797 2.07695 2.08660 2.09042 2.11085 2.13157 2.16893
2.21585 2.17411 2.15633 2.13950 2.12168 2.10684 2.10099 2.09588 2.09411 2.09168 2.09769 2.10367 2.12478 2.14186 2.17956
2.22311 2.18296 2.17037 2.15057 2.13137 2.12367 2.11326 2.10921 2.10411 2.10227 2.10981 2.11844 2.13841 2.15351 2.19017
2.23108 2.19359 2.17982 2.16030 2.14184 2.13238 2.12983 2.12491 2.11734 2.11807 2.12108 2.13182 2.15108 2.16392 2.19997
2.23955 2.20211 2.19198 2.16847 2.15202 2.14602 2.13775 2.13249 2.13153 2.13092 2.13307 2.14273 2.16057 2.17490 2.20980
2.24586 2.21240 2.20032 2.17505 2.16339 2.15813 2.14784 2.14209 2.14039 2.14414 2.14554 2.14832 2.17133 2.18281 2.21928
2.25279 2.22569 2.21008 2.18354 2.17267 2.16535 2.15594 2.15265 2.14985 2.15347 2.15877 2.15887 2.17843 2.19545 2.22822
2.25894 2.23124 2.21389 2.19363 2.18330 2.17128 2.15923 2.16035 2.15359 2.16195 2.16590 2.16859 2.18722 2.20628 2.23863
2.26563 2.24076 2.22005 2.19906 2.19076 2.18068 2.16017 2.16698 2.15708 2.17230 2.17722 2.17876 2.19732 2.21537 2.24603
2.27221 2.24578 2.22613 2.20726 2.19566 2.18789 2.16765 2.17358 2.16606 2.18045 2.18615 2.18816 2.20406 2.22356 2.25198
2.34611 2.59620 2.77675 2.95857 2.98227 3.01199 2.97572 2.90664 2.84581 2.78889 2.67962 2.59906 2.42885 2.23938 1.99709
2.15688 2.43111 2.59780 2.74782 2.76976 2.80057 2.76149 2.71137 2.65995 2.60996 2.50222 2.42289 2.25228 2.02364 1.82238
2.05458 2.35051 2.51438 2.65641 2.68112 2.70740 2.68243 2.62949 2.58740 2.52872 2.43349 2.35290 2.17131 1.94980 1.75476
1.98524 2.27294 2.45612 2.59333 2.61367 2.64175 2.62207 2.57064 2.51718 2.46736 2.37632 2.29723 2.12399 1.89622 1.70842
1.92333 2.19567 2.40567 2.53475 2.54254 2.57848 2.56007 2.50725 2.45683 2.41061 2.32569 2.22835 2.06103 1.84665 1.65416
1.86211 2.12082 2.35399 2.47715 2.47700 2.51394 2.49791 2.45364 2.40784 2.36218 2.27375 2.14573 2.00360 1.81555 1.59120
1.79799 2.05687 2.29233 2.41924 2.42412 2.45191 2.44185 2.40610 2.36515 2.31584 2.21429 2.05386 1.95541 1.77723 1.52859
1.74397 1.97670 2.22239 2.35260 2.36751 2.40044 2.39102 2.36504 2.31362 2.25308 2.14398 1.99789 1.91443 1.74176 1.47770
1.68695 1.93359 2.16164 2.30895 2.31636 2.34958 2.34728 2.31642 2.26369 2.17887 2.06692 1.93768 1.86355 1.70016 1.43954
1.65566 1.88216 2.09366 2.25184 2.27334 2.30092 2.30575 2.26657 2.20009 2.11176 2.00146 1.90152 1.82520 1.65148 1.42578
1.62687 1.83759 2.03547 2.19414 2.20389 2.25077 2.26230 2.21416 2.12751 2.03489 1.95332 1.85857 1.76864 1.61225 1.39477
1.58220 1.80387 1.98524 2.10982 2.14029 2.19167 2.20678 2.15858 2.07125 1.98048 1.91113 1.81140 1.73097 1.59087 1.35027
1.54081 1.77932 1.93548 2.03227 2.05916 2.12544 2.15146 2.10066 2.02734 1.92655 1.86648 1.76036 1.68624 1.55409 1.33201
1.50257 1.74227 1.88668 1.96682 1.98534 2.05417 2.12001 2.07946 2.00143 1.89781 1.81873 1.71569 1.62750 1.52724 1.31085
1.48755 1.70273 1.85659 1.91765 1.95303 2.01563 2.08959 2.05077 1.96870 1.88319 1.77902 1.67974 1.58220 1.48437 1.29673
1.44790 1.66907 1.81563 1.86980 1.90525 1.97530 2.04933 2.02662 1.94904 1.85191 1.77074 1.64355 1.53848 1.45230 1.27383
1.43332 1.63675 1.77250 1.84123 1.88562 1.95053 2.02330 2.00009 1.92240 1.81655 1.73027 1.62402 1.48494 1.40446 1.25755
1.41201 1.60838 1.73087 1.81567 1.85921 1.93014 1.99973 1.97048 1.88911 1.80584 1.70123 1.59066 1.45233 1.38216 1.23930
1.38329 1.58192 1.69448 1.78869 1.82500 1.91464 1.98559 1.95555 1.88554 1.78285 1.67678 1.56344 1.43290 1.34815 1.21332
1.36511 1.54815 1.65726 1.77266 1.80594 1.89289 1.96793 1.94691 1.87837 1.77507 1.63818 1.54472 1.40856 1.30779 1.18827
1.33979 1.51180 1.63238 1.74209 1.78204 1.88898 1.94187 1.92236 1.86497 1.77113 1.62232 1.50784 1.39402 1.27914 1.17167
1.32920 1.49520 1.61967 1.71416 1.76337 1.87250 1.96399 1.93116 1.88056 1.75734 1.61314 1.48245 1.37767 1.25528 1.14425
1.29953 1.46722 1.59545 1.68449 1.75086 1.86002 2.00161 1.92887 1.90688 1.73775 1.59737 1.45562 1.35081 1.23162 1.12161
1.27657 1.43528 1.55942 1.65865 1.73582 1.84863 1.98178 1.93071 1.90097 1.72199 1.57717 1.43329 1.32740 1.21578 1.10033
2.75432 3.02881 3.25500 3.49568 3.53332 3.57798 3.52547 3.42815 3.34781 3.28029 3.14111 3.04052 2.83666 2.65708 2.45671
2.61886 2.86296 3.07215 3.25684 3.28350 3.31683 3.27681 3.21984 3.15918 3.09113 2.96099 2.86417 2.69109 2.52103 2.33337
2.54867 2.78189 2.97832 3.16172 3.19387 3.22972 3.20156 3.13733 3.08011 3.00899 2.88569 2.79173 2.63926 2.46304 2.28096
2.49322 2.70915 2.91542 3.08806 3.11264 3.15179 3.12500 3.06304 2.99846 2.93249 2.82358 2.73247 2.60767 2.41022 2.24470
2.43656 2.65139 2.85378 3.01496 3.02776 3.07706 3.05262 2.98865 2.92719 2.86494 2.76567 2.67739 2.56396 2.36336 2.19344
2.37766 2.59545 2.79380 2.94326 2.94869 2.99497 2.97860 2.92262 2.87085 2.80989 2.71836 2.62447 2.51827 2.33712 2.12912
2.32155 2.54607 2.72956 2.87498 2.88277 2.91957 2.90717 2.86692 2.81652 2.75680 2.66871 2.56306 2.47415 2.30787 2.05505
2.27287 2.48941 2.66632 2.79964 2.82106 2.85574 2.84843 2.81591 2.75823 2.69630 2.62005 2.51806 2.43270 2.27502 1.99866
2.22393 2.44676 2.61732 2.74369 2.75549 2.79025 2.79687 2.75475 2.70847 2.64127 2.57002 2.45919 2.38311 2.23794 1.95943
2.19569 2.39744 2.57273 2.68286 2.70549 2.73905 2.74584 2.70485 2.65382 2.59221 2.52370 2.42382 2.34603 2.19878 1.95517
2.16628 2.36001 2.53085 2.63557 2.65157 2.68967 2.69911 2.65536 2.60545 2.54707 2.47540 2.37939 2.30054 2.16466 1.91034
2.12919 2.32660 2.49336 2.57844 2.59840 2.64020 2.64679 2.62294 2.56511 2.50463 2.43499 2.33749 2.26944 2.14633 1.86625
2.08359 2.30539 2.45439 2.52752 2.54996 2.59135 2.61050 2.58315 2.53756 2.45850 2.39122 2.29338 2.23635 2.11813 1.85418
2.04425 2.27588 2.41127 2.48104 2.50379 2.55110 2.58961 2.56720 2.51878 2.42913 2.34853 2.26254 2.19172 2.09607 1.83816
2.03040 2.24407 2.38007 2.44064 2.47400 2.52247 2.56752 2.54813 2.49002 2.41673 2.31706 2.23634 2.15383 2.04331 1.82460
1.99063 2.22186 2.34200 2.39944 2.43351 2.49308 2.54327 2.52518 2.47185 2.38554 2.30342 2.20649 2.11926 2.00742 1.80602
1.97143 2.19629 2.30186 2.36913 2.41515 2.47183 2.52226 2.50834 2.44919 2.35188 2.27589 2.19026 2.06345 1.94125 1.79586
1.95149 2.17358 2.26921 2.34356 2.39189 2.45940 2.50426 2.48796 2.42572 2.34367 2.25369 2.16571 2.02008 1.92404 1.77896
1.92006 2.15012 2.24165 2.31943 2.36056 2.43978 2.49325 2.48034 2.42018 2.32555 2.23434 2.14801 1.99481 1.88478 1.75631
1.89872 2.12445 2.21361 2.30489 2.34052 2.42160 2.48382 2.47122 2.41674 2.31958 2.20568 2.12827 1.96522 1.84570 1.74131
1.87537 2.09190 2.19199 2.28380 2.32491 2.41784 2.46635 2.44903 2.40591 2.31404 2.19292 2.10451 1.95227 1.81499 1.72317
1.86785 2.07361 2.18303 2.25682 2.30509 2.40578 2.47806 2.44056 2.40965 2.30159 2.18485 2.07589 1.93495 1.79630 1.70392
1.83888 2.04633 2.16653 2.23452 2.29394 2.39664 2.49706 2.42943 2.42396 2.28437 2.17569 2.04749 1.90846 1.78155 1.68503
1.81775 2.00955 2.14123 2.21441 2.28304 2.38098 2.47607 2.42129 2.40769 2.26626 2.15946 2.02369 1.87356 1.76491 1.66323
3.13910 3.50043 3.80241 4.07477 4.11907 4.16437 4.11154 4.00500 3.90781 3.82642 3.66490 3.51971 3.23796 3.02889 2.78572
3.00733 3.30815 3.62696 3.85200 3.89166 3.93647 3.88107 3.80787 3.73735 3.65929 3.47503 3.29986 3.09616 2.89406 2.67685
2.93129 3.20943 3.50226 3.74219 3.77451 3.82915 3.78948 3.72020 3.65571 3.57234 3.33590 3.21856 3.04538 2.84161 2.62747
2.86745 3.12497 3.40875 3.66101 3.68792 3.73738 3.70778 3.63998 3.56628 3.44437 3.25973 3.15655 3.00593 2.77833 2.59164
2.80482 3.06572 3.30783 3.57604 3.59838 3.65301 3.62749 3.54968 3.44596 3.31156 3.19712 3.09935 2.95835 2.72314 2.54955
2.73753 2.99551 3.22390 3.47284 3.49109 3.56083 3.54314 3.42146 3.32422 3.24853 3.14617 3.04380 2.90398 2.69745 2.49941
2.67272 2.93909 3.15336 3.34666 3.35746 3.44400 3.42139 3.32515 3.25727 3.19102 3.08964 2.96967 2.85786 2.66491 2.45369
2.62592 2.87357 3.08145 3.24028 3.25681 3.30743 3.30692 3.25204 3.19637 3.12701 3.04019 2.91464 2.80015 2.62904 2.41247
2.58092 2.81909 3.02826 3.17211 3.18704 3.22929 3.23620 3.19319 3.14298 3.06339 2.98194 2.84296 2.75510 2.58923 2.38437
2.55499 2.76738 2.97912 3.10778 3.13194 3.17013 3.18295 3.13424 3.08414 3.01214 2.92428 2.79808 2.71309 2.55423 2.37732
2.52276 2.72627 2.92360 3.05296 3.07484 3.11859 3.12695 3.08230 3.02779 2.96114 2.86523 2.74938 2.66451 2.52598 2.34539
2.49309 2.68701 2.88966 2.99243 3.01418 3.06310 3.07266 3.04308 2.97784 2.90607 2.81800 2.70692 2.62447 2.50544 2.31707
2.45795 2.66045 2.83795 2.92845 2.96413 3.00993 3.03470 3.00070 2.94451 2.85354 2.77009 2.65766 2.58372 2.47930 2.29839
2.43126 2.62841 2.78618 2.87995 2.91067 2.96872 3.00458 2.98552 2.92440 2.81841 2.72478 2.61962 2.54027 2.45639 2.28896
2.41724 2.58947 2.74622 2.82580 2.86804 2.93298 2.98661 2.96099 2.89224 2.80353 2.68890 2.59271 2.49944 2.41982 2.27542
2.39027 2.56857 2.70492 2.77750 2.82817 2.89541 2.95826 2.94095 2.86988 2.76992 2.66461 2.55672 2.46838 2.39111 2.26067
2.37386 2.54071 2.65935 2.74022 2.80030 2.87198 2.93349 2.91667 2.84538 2.72920 2.63939 2.53592 2.43029 2.36005 2.25506
2.35919 2.51615 2.62174 2.71463 2.77237 2.85665 2.90934 2.89070 2.81439 2.71926 2.61490 2.51166 2.40270 2.35050 2.23905
2.33696 2.49037 2.59061 2.68329 2.73775 2.82903 2.89312 2.88460 2.80895 2.70080 2.58842 2.49775 2.38731 2.32065 2.21873
2.32602 2.46896 2.56295 2.66772 2.71278 2.81091 2.88844 2.87703 2.80809 2.68820 2.55971 2.47741 2.37020 2.29799 2.20751
2.31154 2.44229 2.53716 2.64323 2.69513 2.80688 2.86626 2.84198 2.78931 2.68594 2.54400 2.45959 2.36273 2.27560 2.19261
2.30403 2.42969 2.52831 2.61641 2.67503 2.79424 2.87545 2.81815 2.79381 2.67165 2.53781 2.43255 2.35016 2.25590 2.17619
2.28925 2.40524 2.51075 2.58863 2.66387 2.77913 2.89316 2.81156 2.80167 2.65278 2.52861 2.41648 2.33608 2.24787 2.16148
2.27141 2.38967 2.48486 2.56740 2.64926 2.75915 2.85993 2.79602 2.78323 2.63459 2.51429 2.39879 2.31665 2.22901 2.14204
3.63135 3.99703 4.35405 4.76357 4.83215 4.91390 4.80924 4.65190 4.51767 4.38959 4.16301 4.01314 3.74349 3.50423 3.16676
3.51234 3.85775 4.16403 4.48067 4.54020 4.61319 4.52990 4.42711 4.31035 4.20232 4.00578 3.86719 3.62616 3.37675 3.06448
3.41963 3.76441 4.04291 4.34534 4.38825 4.45859 4.40671 4.29225 4.19921 4.09527 3.90816 3.77868 3.57005 3.30053 3.01524
3.33664 3.65674 3.95357 4.21024 4.25373 4.32609 4.28905 4.17490 4.08374 3.98570 3.82705 3.69361 3.52367 3.19785 2.97151
3.25026 3.58779 3.86518 4.09314 4.12059 4.20097 4.15867 4.06240 3.98630 3.89379 3.74608 3.62652 3.47019 3.12760 2.92703
3.14744 3.50990 3.77855 3.99374 4.00550 4.06433 4.06030 3.96347 3.90220 3.81851 3.68602 3.56599 3.41085 3.09794 2.87077
3.06508 3.44257 3.69211 3.89138 3.91270 3.96835 3.96112 3.89327 3.82916 3.74124 3.61910 3.49174 3.33373 3.05255 2.81477
3.01225 3.35111 3.60936 3.80048 3.81665 3.87358 3.87365 3.81904 3.75100 3.66213 3.56620 3.42490 3.24873 3.01448 2.76604
2.95843 3.28012 3.55052 3.71810 3.73559 3.79435 3.79861 3.75103 3.68155 3.59368 3.50466 3.34488 3.18112 2.97017 2.73583
2.92721 3.20272 3.49787 3.63969 3.67454 3.71943 3.73677 3.67659 3.61802 3.53574 3.44712 3.26548 3.11071 2.93274 2.72766
2.89126 3.13894 3.44210 3.57326 3.60385 3.65778 3.66704 3.61712 3.55285 3.48034 3.36821 3.16516 3.05554 2.89662 2.69360
2.85999 3.08965 3.40375 3.50548 3.53311 3.59359 3.60234 3.57210 3.50315 3.42575 3.30423 3.10489 3.00925 2.87556 2.66448
2.82455 3.05411 3.33317 3.45077 3.47859 3.53560 3.56541 3.52543 3.46894 3.36269 3.21915 3.05515 2.96791 2.85135 2.64162
2.79458 3.00885 3.25569 3.38801 3.42891 3.48658 3.52764 3.51424 3.44169 3.31436 3.14581 3.00894 2.92209 2.82358 2.63345
2.77189 2.96939 3.19547 3.33031 3.38333 3.45552 3.51023 3.48272 3.41120 3.29793 3.09589 2.97999 2.88092 2.78686 2.61625
2.75381 2.94633 3.10593 3.25118 3.32996 3.41430 3.47770 3.46126 3.38629 3.25179 3.06113 2.93907 2.85176 2.75811 2.60400
2.72892 2.91895 3.05586 3.19059 3.29393 3.38510 3.44927 3.42941 3.34829 3.17759 3.02817 2.91760 2.80775 2.72428 2.59606
2.71373 2.89508 3.01240 3.14310 3.25418 3.37212 3.42248 3.40189 3.30382 3.15718 3.00133 2.89348 2.77677 2.70593 2.57829
2.69274 2.87005 2.97371 3.08701 3.20701 3.33654 3.40159 3.39202 3.30112 3.13445 2.98226 2.88074 2.75239 2.67527 2.55735
2.68065 2.84588 2.94537 3.06868 3.15893 3.30322 3.39142 3.38106 3.30212 3.12876 2.95055 2.86316 2.73834 2.64681 2.54043
2.66057 2.81429 2.91874 3.03872 3.12065 3.28720 3.36871 3.34421 3.28641 3.12945 2.93464 2.83748 2.72666 2.62270 2.52719
2.65242 2.80334 2.90909 3.00489 3.08967 3.28155 3.37787 3.31596 3.29171 3.11265 2.92706 2.80895 2.71080 2.59878 2.50959
2.63190 2.77413 2.89311 2.98010 3.08649 3.26863 3.39265 3.30895 3.29766 3.07456 2.91595 2.79330 2.69170 2.58406 2.49174
2.61197 2.75784 2.86634 2.95490 3.07227 3.25543 3.35799 3.28321 3.25247 3.02830 2.89602 2.77634 2.66792 2.56619 2.47139
4.04201 4.56855 5.02797 5.36659 5.41432 5.46436 5.40601 5.29255 5.18281 5.06356 4.81776 4.57516 4.18553 3.87775 3.59572
3.92623 4.38400 4.86021 5.18744 5.24310 5.29760 5.23236 5.13080 5.02401 4.91737 4.61231 4.38721 4.05288 3.78576 3.52089
3.83816 4.25186 4.69899 5.06030 5.11054 5.16885 5.12324 5.01001 4.91725 4.77757 4.44933 4.27189 3.98630 3.72044 3.46733
3.76325 4.10305 4.54879 4.92986 4.96938 5.04225 5.00027 4.88471 4.76738 4.56642 4.33147 4.14183 3.92297 3.64405 3.41553
3.68184 4.00760 4.39685 4.79006 4.83498 4.91111 4.86891 4.72259 4.56388 4.42091 4.21393 4.05421 3.86475 3.58310 3.36717
3.59803 3.91254 4.27222 4.60298 4.63804 4.74351 4.73092 4.54072 4.43500 4.31547 4.13255 3.97347 3.80151 3.55031 3.29967
3.52456 3.83833 4.14968 4.42201 4.45064 4.53674 4.53664 4.42306 4.33359 4.20716 4.03793 3.87487 3.73493 3.50461 3.21668
3.46021 3.75772 4.04096 4.29721 4.31857 4.38821 4.39089 4.32163 4.21892 4.10207 3.96396 3.79874 3.67210 3.46140 3.14458
3.40155 3.69764 3.95657 4.17905 4.20228 4.28405 4.29113 4.22319 4.12881 4.00373 3.89168 3.73046 3.61718 3.41869 3.10579
3.36174 3.63269 3.88615 4.07560 4.11898 4.17697 4.20841 4.11579 4.04237 3.92960 3.82354 3.67257 3.56384 3.37155 3.09212
3.32411 3.57772 3.82775 3.98454 4.02990 4.09545 4.10937 4.04089 3.96080 3.85983 3.74760 3.60647 3.50924 3.33776 3.04574
3.29003 3.54050 3.78017 3.90403 3.93146 4.01028 4.02551 3.97845 3.89314 3.79559 3.69589 3.55422 3.45611 3.30801 3.00283
3.24468 3.50041 3.70849 3.83267 3.86467 3.93279 3.97793 3.92005 3.84942 3.73707 3.63758 3.50536 3.40854 3.28431 2.97429
3.20258 3.45602 3.65818 3.76461 3.80401 3.87642 3.92781 3.90489 3.81428 3.69588 3.58775 3.45809 3.36273 3.25215 2.96328
3.15957 3.41246 3.60552 3.70522 3.74970 3.83519 3.89943 3.86365 3.78061 3.67455 3.54616 3.42339 3.32155 3.21216 2.94269
3.13354 3.39292 3.55027 3.64502 3.69748 3.78957 3.85671 3.83383 3.75019 3.64012 3.51042 3.38566 3.28409 3.16756 2.92947
3.11474 3.36149 3.50655 3.60357 3.66733 3.75265 3.82057 3.79498 3.71541 3.59717 3.48278 3.36424 3.23508 3.10974 2.91338
3.08784 3.33586 3.46020 3.56688 3.63262 3.73571 3.78639 3.75833 3.67145 3.57751 3.45142 3.33772 3.19777 3.07508 2.89724
3.06275 3.30719 3.41976 3.53389 3.60347 3.69815 3.76199 3.74745 3.66884 3.54710 3.43214 3.31774 3.15591 3.02895 2.87030
3.04303 3.28084 3.38986 3.51453 3.57386 3.67276 3.74609 3.73262 3.65452 3.53562 3.39875 3.29948 3.14475 2.98454 2.85523
3.01263 3.24658 3.36251 3.48770 3.54839 3.65606 3.71991 3.67787 3.63157 3.53063 3.38069 3.27315 3.12201 2.94503 2.84234
2.99807 3.23594 3.35396 3.45256 3.52541 3.64476 3.72078 3.63632 3.62555 3.51532 3.37304 3.24364 3.09685 2.91938 2.82325
2.96700 3.19629 3.33503 3.43060 3.51440 3.62871 3.71953 3.61267 3.61849 3.48499 3.35697 3.22691 3.06991 2.90376 2.80715
2.93867 3.17396 3.30652 3.40537 3.49095 3.60077 3.66948 3.57799 3.56885 3.45029 3.33681 3.21146 3.02556 2.88557 2.78442
4.51090 5.09990 5.47695 5.79649 5.84794 5.91663 5.83890 5.71772 5.62445 5.50086 5.28697 5.10356 4.70780 4.27772 3.91838
4.38303 4.97130 5.34428 5.63659 5.68331 5.73127 5.68239 5.58905 5.49704 5.38162 5.15782 4.96696 4.55701 4.17317 3.84670
4.24917 4.82649 5.22004 5.52427 5.57026 5.62374 5.58665 5.48208 5.39263 5.27313 5.03797 4.84852 4.45714 4.08480 3.78146
4.14703 4.63787 5.10212 5.39974 5.43359 5.50288 5.46165 5.36303 5.26228 5.13021 4.91596 4.70354 4.36392 3.99756 3.72619
4.04512 4.49053 4.97823 5.27642 5.30463 5.37543 5.34368 5.23088 5.14101 5.01595 4.79242 4.56947 4.27444 3.91544 3.67338
3.93387 4.35505 4.84758 5.13765 5.17636 5.23798 5.22514 5.12071 5.02717 4.89722 4.67608 4.41130 4.19928 3.87289 3.60835
3.84813 4.25096 4.70603 5.00289 5.03840 5.11040 5.10411 5.01145 4.91388 4.78474 4.53719 4.27795 4.10888 3.82053 3.54520
3.77065 4.14373 4.55256 4.86761 4.89347 4.98381 4.97151 4.90165 4.78643 4.65472 4.40517 4.18713 4.02241 3.77518 3.49275
3.70737 4.05925 4.42048 4.75028 4.77645 4.86030 4.87746 4.79347 4.68544 4.46671 4.29942 4.09726 3.94834 3.72577 3.45979
3.66713 3.96954 4.30059 4.61975 4.67848 4.74853 4.78115 4.67805 4.56119 4.35523 4.21583 4.01651 3.88626 3.67436 3.44541
3.63570 3.90261 4.22347 4.45437 4.53306 4.65719 4.67749 4.57057 4.41407 4.26476 4.11934 3.93408 3.81895 3.63785 3.41359
3.59515 3.86379 4.15273 4.31870 4.36063 4.51243 4.55889 4.42066 4.30059 4.17740 4.04355 3.87154 3.76675 3.61543 3.37941
3.55617 3.81270 4.06564 4.22197 4.26169 4.35765 4.43383 4.34350 4.23569 4.10130 3.97467 3.80989 3.71041 3.58272 3.35172
3.52543 3.77337 4.00035 4.13651 4.18526 4.27933 4.35461 4.30990 4.19583 4.04958 3.90855 3.76400 3.65883 3.54818 3.33564
3.49191 3.72138 3.93288 4.06622 4.11627 4.21962 4.30845 4.24903 4.14841 4.01855 3.86170 3.72390 3.60893 3.51961 3.32066
3.46058 3.69597 3.87477 3.98737 4.06380 4.16316 4.23159 4.19794 4.10187 3.97071 3.83194 3.68483 3.56614 3.47912 3.30869
3.44822 3.65729 3.81973 3.93343 4.02388 4.11732 4.19301 4.15179 4.05406 3.93176 3.79359 3.65788 3.51770 3.43647 3.29386
3.41961 3.63355 3.76235 3.89389 3.97489 4.09954 4.14281 4.10389 4.00694 3.90415 3.76176 3.63036 3.48385 3.40978 3.28319
3.40551 3.59780 3.72195 3.85814 3.93580 4.04855 4.11666 4.08875 4.00021 3.86491 3.73521 3.60548 3.45210 3.37609 3.25507
3.38992 3.56687 3.68919 3.83154 3.90051 4.01473 4.10044 4.07085 3.98403 3.84545 3.70363 3.58532 3.44596 3.35154 3.23899
3.36294 3.53184 3.65792 3.79838 3.86735 3.99370 4.05887 4.01872 3.94960 3.84072 3.68302 3.55247 3.42919 3.31877 3.22201
3.35316 3.51815 3.64775 3.76267 3.84397 3.97340 4.07057 3.97696 3.94602 3.80945 3.66528 3.52312 3.41307 3.29737 3.20252
3.33127 3.47946 3.62376 3.73683 3.82525 3.95290 4.07950 3.95660 3.94370 3.77154 3.64014 3.50674 3.39476 3.27884 3.18916
3.31300 3.45998 3.58882 3.70715 3.79454 3.91797 4.02378 3.92399 3.90394 3.72835 3.61826 3.49021 3.37195 3.26052 3.16439
4.95639 5.46798 5.87551 6.17009 6.21527 6.25841 6.21507 6.11859 6.03908 5.91410 5.64462 5.47586 5.11317 4.73803 4.24657
4.85662 5.35680 5.72542 6.05588 6.09842 6.14360 6.10281 6.01951 5.93266 5.75979 5.52521 5.35630 5.00397 4.62418 4.16155
4.71898 5.20816 5.58169 5.94599 5.98634 6.04102 6.00892 5.91272 5.77630 5.62237 5.41464 5.23652 4.91423 4.49787 4.09146
4.58458 5.07036 5.47787 5.80900 5.85384 5.93474 5.89306 5.72786 5.61232 5.49855 5.29684 5.10797 4.83503 4.36672 4.02569
4.44068 4.93646 5.35524 5.65079 5.66516 5.76940 5.71563 5.58537 5.51539 5.39629 5.18576 4.99991 4.75005 4.25469 3.95928
4.28188 4.80844 5.24049 5.52221 5.54330 5.59627 5.58658 5.49460 5.40615 5.28262 5.07682 4.88468 4.66064 4.18605 3.87633
4.17026 4.70414 5.11084 5.38808 5.41332 5.48844 5.47782 5.39519 5.29830 5.16379 4.97125 4.75230 4.54254 4.12757 3.80061
4.07305 4.57379 4.97421 5.25722 5.27783 5.37919 5.35434 5.28250 5.17422 5.04653 4.86756 4.63834 4.40730 4.07939 3.74480
3.99514 4.45003 4.86930 5.13005 5.16955 5.24039 5.25787 5.17302 5.07090 4.91823 4.76688 4.52511 4.28952 4.01728 3.70532
3.94704 4.32985 4.76928 5.01367 5.06099 5.13642 5.15303 5.05724 4.97026 4.81664 4.67013 4.40293 4.19931 3.95779 3.68991
3.90925 4.24226 4.68809 4.90241 4.94571 5.03312 5.04711 4.96028 4.85298 4.72501 4.55089 4.26107 4.13213 3.90943 3.65468
3.85721 4.18762 4.59855 4.78469 4.83817 4.92505 4.94824 4.86131 4.75961 4.62676 4.44743 4.18244 4.06583 3.88237 3.61560
3.81218 4.12144 4.48531 4.68760 4.72074 4.81058 4.85598 4.79197 4.67386 4.53389 4.31841 4.10954 3.99940 3.83777 3.58951
3.77255 4.07126 4.38108 4.59136 4.64148 4.74322 4.80181 4.74416 4.63814 4.45511 4.22954 4.05951 3.93626 3.80167 3.57059
3.73850 4.01464 4.28230 4.48830 4.56330 4.66727 4.73906 4.68434 4.58930 4.40320 4.16691 4.00603 3.87501 3.76087 3.55688
3.70723 3.98012 4.19004 4.36138 4.49627 4.60125 4.66736 4.62342 4.51126 4.31101 4.12718 3.96233 3.82066 3.72275 3.54447
3.69325 3.93160 4.12316 4.27808 4.43115 4.54903 4.61972 4.56860 4.43079 4.24371 4.08930 3.92478 3.76430 3.67728 3.53005
3.66074 3.90144 4.06001 4.20952 4.35018 4.51808 4.56347 4.50629 4.36174 4.20012 4.04967 3.89476 3.73145 3.65122 3.51311
3.64503 3.86104 4.00898 4.15856 4.25460 4.44566 4.52044 4.47936 4.34739 4.14495 4.01192 3.86216 3.69598 3.61260 3.48985
3.62803 3.82185 3.96405 4.12345 4.20815 4.36634 4.49457 4.45510 4.31979 4.11395 3.97150 3.84286 3.68133 3.58606 3.47198
3.59628 3.78855 3.92929 4.08790 4.15865 4.34283 4.44368 4.36095 4.24003 4.10393 3.94738 3.80624 3.66862 3.55642 3.45102
3.58970 3.76814 3.91802 4.04725 4.12788 4.31493 4.45433 4.28890 4.22927 4.06330 3.92524 3.77039 3.64935 3.53556 3.43254
3.56778 3.72717 3.88923 4.01707 4.09772 4.26527 4.46533 4.24936 4.24465 4.02656 3.89918 3.74878 3.63277 3.51316 3.41583
3.54718 3.70197 3.85111 3.98316 4.06293 4.18511 4.37011 4.22033 4.19088 3.98149 3.86667 3.72680 3.60566 3.49476 3.39223
5.32253 5.87036 6.19723 6.44345 6.47747 6.52036 6.47663 6.38556 6.30753 6.20255 6.04243 5.89010 5.47076 5.09391 4.68641
5.22683 5.76012 6.09647 6.33348 6.37267 6.41106 6.36900 6.29238 6.21135 6.12162 5.93908 5.76675 5.36370 4.99976 4.59363
5.09659 5.57596 5.98420 6.23631 6.26124 6.30886 6.27393 6.19663 6.12177 6.02234 5.83088 5.59546 5.27547 4.88891 4.50738
4.97615 5.42931 5.88274 6.13249 6.15950 6.20964 6.18133 6.09593 6.01318 5.90907 5.65931 5.45112 5.19477 4.78357 4.40742
4.84172 5.29754 5.74456 6.03866 6.05443 6.10851 6.09065 5.99140 5.92063 5.79811 5.51994 5.35512 5.11149 4.67919 4.30997
4.70364 5.16092 5.61323 5.92700 5.94137 5.99497 5.98597 5.89286 5.81005 5.63044 5.41394 5.23495 5.01259 4.60076 4.17489
4.58879 5.05801 5.46894 5.79152 5.82051 5.88572 5.87440 5.78761 5.65467 5.47917 5.31470 5.10673 4.90716 4.53675 4.07739
4.46265 4.94444 5.33304 5.64365 5.64359 5.77366 5.74493 5.62963 5.49797 5.38478 5.20487 4.98598 4.79637 4.46450 4.01257
4.35240 4.83550 5.22919 5.47207 5.50036 5.57104 5.59077 5.50017 5.40827 5.26024 5.09767 4.87372 4.70738 4.38471 3.96874
4.28497 4.73329 5.13286 5.36565 5.40318 5.46490 5.46993 5.39308 5.30420 5.15109 4.99558 4.78094 4.62221 4.29300 3.95540
4.22536 4.64821 5.04144 5.26129 5.29201 5.36844 5.38018 5.29963 5.18966 5.05449 4.88861 4.67869 4.53545 4.22705 3.91850
4.15309 4.58726 4.94654 5.13577 5.17843 5.26362 5.28739 5.20238 5.09353 4.95640 4.79535 4.58873 4.44980 4.18919 3.87494
4.09047 4.52657 4.84514 5.03206 5.05884 5.15039 5.19267 5.11878 5.00395 4.85741 4.69807 4.50969 4.35743 4.12330 3.84184
4.04235 4.45419 4.75052 4.92592 4.97448 5.07789 5.12813 5.07266 4.95400 4.78214 4.63091 4.43799 4.25829 4.07515 3.81946
4.00540 4.39171 4.67480 4.81883 4.88399 4.99221 5.05211 4.99540 4.89042 4.73492 4.56505 4.35722 4.16224 4.01966 3.80578
3.97367 4.34067 4.59601 4.72347 4.81251 4.91309 4.97435 4.92520 4.81057 4.67491 4.51256 4.28738 4.08173 3.98150 3.78970
3.95479 4.26858 4.52326 4.66355 4.75542 4.85599 4.91439 4.85858 4.74485 4.61551 4.46504 4.23077 4.02191 3.93822 3.77815
3.92168 4.21644 4.45009 4.60683 4.70066 4.81410 4.85469 4.79726 4.68422 4.55778 4.41939 4.18602 3.98249 3.90861 3.75291
3.89792 4.15773 4.38778 4.55401 4.63515 4.74736 4.80109 4.76334 4.65457 4.51033 4.37709 4.14130 3.95154 3.86954 3.73422
3.87943 4.10042 4.31873 4.51130 4.58667 4.68295 4.76449 4.71720 4.62646 4.48027 4.31858 4.10395 3.92914 3.83481 3.71597
3.84232 4.05393 4.25940 4.47371 4.54098 4.65713 4.71215 4.64964 4.57589 4.46676 4.26965 4.05234 3.91636 3.80254 3.68627
3.84165 4.02561 4.24316 4.42708 4.50020 4.62639 4.71971 4.60635 4.56800 4.41927 4.22806 4.01400 3.89495 3.77614 3.66537
3.81838 3.98255 4.19318 4.39147 4.47198 4.58524 4.73042 4.56868 4.56887 4.37274 4.18729 3.98810 3.87506 3.74993 3.64443
3.79468 3.95892 4.12446 4.34310 4.42903 4.53252 4.66448 4.52880 4.51300 4.31362 4.13174 3.96686 3.84792 3.72904 3.61811
