373.66697 395.23285 410.81506 419.49460 424.62919 423.20203 422.37767 421.94795 418.95656 416.71003 411.40267 413.52230 417.31022 414.63610 405.03421
371.15295 393.99274 410.87271 422.64289 429.39000 428.98470 430.03779 429.47161 427.36188 425.37728 420.58278 420.78347 421.58654 414.77981 401.61239
366.05169 388.85122 406.00486 419.15165 426.48746 427.42172 428.48859 428.66794 426.71869 423.73310 419.81177 419.37623 418.12205 409.47415 394.77134
360.86302 384.10255 401.49349 413.68895 421.89790 424.67935 427.46982 427.61594 425.91459 423.28788 418.95620 416.69146 414.13814 403.82319 387.64707
356.00294 378.38429 395.74980 408.80900 415.97563 419.98916 423.87255 424.87738 423.72403 421.20249 416.57935 413.86291 409.00443 397.25818 379.61817
350.35249 372.48048 389.99444 402.57264 409.77807 415.11664 419.58202 421.63651 420.19763 417.66559 412.83926 409.84923 403.47079 390.05345 371.83598
345.40916 365.84192 384.19116 396.20506 403.49839 409.64494 414.33383 416.58720 415.92176 413.56696 408.33054 405.06038 397.36054 382.67318 364.63556
339.55948 359.38760 377.84507 389.90396 396.59646 403.71747 408.37607 410.88233 410.74499 408.02368 402.90667 398.91402 391.03611 376.10134 357.41530
333.60462 353.72465 371.15654 382.91717 389.76406 397.28619 402.53278 405.16477 405.09350 401.98379 396.65056 392.73046 384.43337 369.54119 350.11375
326.81480 346.70186 364.31085 375.62783 383.21233 390.75253 395.95471 398.42930 398.50860 395.88195 390.14348 385.73896 377.21910 362.57434 342.99333
321.11293 339.58466 357.41817 367.77636 375.94287 383.66178 388.62167 391.28357 391.24945 389.17137 383.43012 378.80377 370.08848 354.70167 335.72615
314.44713 332.49590 349.59819 360.22184 368.07602 376.65050 381.24366 384.14384 383.95104 382.06869 376.38698 371.01896 362.63922 347.26018 328.88181
307.29984 325.31868 341.94767 351.75278 360.40304 368.82117 373.61227 376.05200 376.29157 374.91406 369.47938 362.41019 354.73357 340.45110 322.36512
299.53929 317.93768 334.45743 343.54086 352.06727 360.59469 365.42220 367.68360 368.19978 366.81239 361.44380 354.90678 346.90499 332.51282 313.94190
291.42707 310.87319 325.29386 334.26869 343.76100 352.31518 357.71286 359.23674 359.74289 358.83324 354.11454 345.63328 338.08285 325.01808 305.99596
283.46418 302.02444 316.09067 325.46777 336.09375 343.88376 348.30268 350.77707 351.00334 350.40737 346.19709 337.52620 329.33618 316.74428 298.09515
275.26138 293.18066 307.09779 315.98659 326.64754 335.41735 339.59250 342.67189 342.35262 341.48543 337.36237 328.57974 320.60773 308.00160 289.44027
266.57324 284.45611 297.65831 307.01505 317.13091 325.87019 330.67022 333.39266 334.04633 332.29357 328.12103 319.82496 311.77600 299.14610 281.22374
257.27758 274.69372 287.85715 296.62696 308.03951 316.47383 321.66221 323.98775 324.09119 322.68018 319.20367 310.75967 302.47527 289.75903 272.20463
247.33698 265.11462 277.22636 287.12216 298.04225 306.58750 311.64809 314.14860 314.89945 313.47546 309.63203 300.90691 292.26330 280.47084 263.21028
237.88051 254.76811 266.33900 276.55375 288.54194 296.41662 301.36355 303.92460 305.41879 303.33318 299.70773 291.06273 281.90487 270.89700 253.71583
227.65481 244.14499 254.85572 265.54027 277.93071 285.75013 291.11302 293.38671 294.64144 293.30933 289.23669 280.62815 271.54457 260.85595 244.51055
216.59496 232.81538 243.40075 254.49221 266.97635 274.51992 279.77681 282.43537 283.74843 282.56392 278.26688 270.08300 259.88567 250.27739 234.42679
205.64821 220.86954 231.21592 243.14810 254.45985 261.99573 267.00620 270.64689 271.61629 270.70826 266.70472 259.27462 248.88631 239.03526 224.03298
404.36225 414.31576 416.83610 416.63846 417.71159 412.25237 409.52188 407.52246 403.92339 400.54203 394.13813 398.03174 407.72408 416.35355 420.89771
403.27220 415.47588 420.97422 423.65708 425.32822 419.09158 415.92087 413.58364 410.68502 407.12585 400.26458 402.96191 412.07435 418.40161 419.74166
399.13347 413.31329 419.08540 424.66972 425.95510 421.21943 418.06717 414.79841 411.08124 407.52451 400.69989 403.52479 412.51142 416.26688 414.94056
394.30466 409.73163 417.11777 423.20466 426.20313 422.98619 422.02110 417.70959 414.26553 410.73287 403.90259 405.26159 412.79339 413.08102 411.20097
389.39551 406.34331 415.17059 422.44806 424.71869 422.76322 421.45945 420.01011 416.42736 413.21021 405.25585 405.99894 410.66021 410.95942 405.64951
384.47150 401.19873 412.53203 419.84647 422.58770 422.01370 420.80721 419.71400 416.39602 414.54946 406.25065 405.73553 409.29682 407.67022 400.94264
379.73797 395.88317 408.80159 416.81871 418.86121 420.13828 419.46449 418.65451 416.16831 414.54798 406.41148 405.35799 407.41266 404.64617 395.49617
374.68813 390.58893 403.86578 413.13049 415.33785 418.03871 417.20720 416.83522 414.58414 413.04867 405.65331 403.39645 404.97346 400.64849 389.40227
368.37246 384.97157 399.14465 408.36231 411.52979 414.86907 415.15148 414.63173 412.01507 410.11868 403.58119 401.04126 401.72604 395.74824 383.08015
361.80494 379.04148 393.12622 402.31031 407.13883 411.30131 412.02503 411.36638 410.26091 408.18906 401.59348 398.92149 397.63565 390.15899 376.19929
355.82918 372.93244 387.72292 396.01810 401.64063 406.76860 407.81359 406.99651 406.14658 404.75691 398.49303 394.77121 392.38350 384.19450 369.72462
349.60843 366.56119 381.04535 389.94546 395.47722 401.64458 403.00562 401.87655 401.68713 400.40566 394.76956 390.46586 386.56878 378.16358 362.95213
342.41151 359.70224 373.99002 382.19012 389.49293 395.16500 396.78675 396.14379 396.11875 395.54145 390.26702 384.17577 380.84905 371.86742 356.46930
334.79262 352.68255 366.67259 375.09142 382.29240 388.13176 389.79670 389.63212 389.61848 389.71994 384.34645 377.99753 374.00458 364.79827 348.58190
326.68925 345.29234 358.54202 367.41411 375.30325 380.95906 382.44507 382.52077 382.05143 382.71876 378.49289 371.39277 366.73144 357.53931 340.96121
318.69972 337.03705 349.74646 359.03002 368.32024 373.27144 374.14663 375.41801 375.04995 375.17571 372.14690 364.66431 359.28286 349.72369 332.89156
310.44738 328.70900 341.41780 349.91333 359.32349 364.78821 366.13679 367.47745 367.08628 367.34829 364.72845 356.99638 351.65608 341.91819 324.76933
301.87541 319.56581 332.17027 341.36166 350.81940 356.00588 358.44932 359.33792 359.04616 359.06599 356.46924 349.42814 343.29418 332.85198 315.96750
292.85403 310.10085 323.08800 331.89978 341.64233 347.02839 349.71930 351.08110 350.93434 350.37128 348.23361 340.99144 334.19757 324.03850 307.17783
282.70316 300.63793 312.86455 322.67673 332.14043 337.71601 340.98677 342.00693 342.35508 341.68896 339.32225 332.10006 325.11816 315.55663 298.09702
273.08399 290.20815 301.71810 312.34302 322.74938 328.56239 331.00098 332.38075 332.91010 332.72348 329.75558 323.47215 314.99611 305.69148 289.16078
262.99707 279.78365 290.23865 302.01073 312.58564 318.18752 320.73563 322.38450 323.01488 322.47943 320.57987 313.91852 305.38566 296.05600 279.61408
251.56220 268.47944 279.42836 291.52661 301.61427 307.31950 310.56366 312.64266 313.14402 313.17166 309.91934 303.77747 294.59294 286.41665 269.23531
240.17855 256.18439 266.70534 279.82369 289.58155 295.63433 298.05951 302.21587 300.84172 301.61711 298.64050 293.99153 284.26145 274.19774 259.07073
421.82395 420.54497 415.32258 411.95216 413.45755 408.25499 407.09629 405.53784 402.88758 399.47651 393.21266 396.04485 403.60082 413.67293 424.67430
421.23517 421.42865 418.23782 416.30519 417.07626 409.57101 407.21960 405.82985 403.93569 400.55602 393.70173 395.33167 403.38755 412.69958 423.05384
417.95066 421.06048 417.70291 418.92260 418.04971 411.49213 408.33307 405.87198 402.37196 399.82238 392.37970 394.85007 403.64987 412.04895 419.23234
414.38900 419.70845 417.44884 420.49573 420.07441 414.35909 412.49788 407.44159 404.05587 400.83366 393.84186 395.68911 404.60969 410.04774 417.94600
411.03129 417.08081 418.24922 420.37892 420.53837 416.62448 413.04029 410.24634 405.87140 402.55405 394.87160 396.83329 404.28107 409.31433 416.33281
407.95134 414.70483 417.04554 420.74348 420.31771 417.55868 413.83830 411.05509 406.95257 405.10069 396.41541 397.27284 404.52715 410.00640 413.60316
404.91724 411.19629 415.69385 419.92476 418.57071 416.95475 414.09698 411.41771 408.55558 406.78597 398.06883 397.90006 403.70350 410.02790 410.80307
401.61933 407.77969 412.75635 419.21731 417.98814 416.61982 413.05269 412.01066 408.76776 407.31834 399.12254 397.39758 403.77594 408.41055 407.01118
397.05637 403.52672 411.14172 416.05062 417.11317 415.62896 413.02057 411.02127 407.17099 405.97654 398.80891 396.28484 402.57090 405.09567 403.29909
391.93116 399.94373 408.33905 413.17841 414.25888 414.83179 412.09818 409.11491 407.20317 405.29232 398.86061 396.42537 401.26419 401.68886 398.67462
387.18744 395.68944 405.00665 409.11851 410.88445 412.46374 410.62193 406.22755 405.44751 404.62964 398.22749 394.65265 398.00087 398.16672 394.14046
382.05256 391.71144 400.70841 405.16287 406.32824 408.76831 406.04476 403.42152 402.32859 402.82763 396.89261 392.59037 393.97496 394.88529 389.30411
376.27903 386.76246 395.98020 399.36908 402.56000 404.87202 401.83124 399.83731 398.71469 399.20363 394.04508 388.54163 390.17285 390.90495 383.57987
370.39553 381.81525 390.11657 394.22759 397.54518 400.34939 397.45037 395.65531 393.61767 394.47221 390.11448 384.67405 385.38152 385.20788 377.98796
363.21615 376.25005 385.03290 388.76825 392.59933 394.61068 391.42917 390.69242 388.77134 389.93036 386.60206 381.00628 381.32408 380.02488 371.96273
355.58007 369.52616 378.57996 382.68578 386.95530 387.92147 385.87913 384.85146 383.68832 384.20798 381.92071 376.31068 375.87486 373.98819 365.58370
348.07005 362.22225 371.64039 375.94917 379.65459 380.88794 378.75518 378.14798 377.05493 378.18767 375.83705 370.65192 370.69379 368.07322 358.83724
339.71696 354.17834 363.36678 368.12054 373.35049 373.18898 371.70922 371.39001 369.99765 370.88724 369.08750 364.84984 364.19480 361.41764 351.59275
330.43088 345.46000 355.29841 360.34763 365.23357 365.23224 364.84886 364.57214 363.30940 363.89905 362.31787 358.46705 357.10395 353.23314 343.72493
321.04322 336.78740 346.24431 351.84851 357.68259 357.40739 357.60195 356.90249 356.58789 355.11677 354.03256 350.78414 350.31567 346.08023 335.05578
311.56432 326.73881 336.24111 342.48258 348.39640 349.64983 348.59209 348.28208 347.73343 348.64433 347.18027 344.12508 341.78312 337.69024 326.12524
301.33565 316.82524 325.09154 333.70885 340.07817 340.79513 340.05067 339.12031 339.69383 340.71129 339.25127 336.40943 332.79095 329.19152 317.29360
290.98554 305.94043 314.29638 324.05799 330.46453 330.74399 330.99160 332.49344 330.71761 331.00383 330.79515 328.32692 323.94034 319.87190 307.22690
279.37117 294.74630 302.71540 313.54148 319.49271 321.11878 320.26177 323.61857 320.33944 321.80022 320.28199 319.16612 313.66777 309.58149 297.95636
437.46501 432.86788 427.04723 425.23798 428.31964 424.56861 425.22327 424.35397 422.92998 419.56887 414.32386 415.73373 420.88457 426.69919 435.94252
436.07577 431.54327 425.74823 425.74714 427.07548 423.55288 422.04129 421.65115 420.42406 416.71121 410.91826 411.52695 416.58784 422.34937 431.96059
434.65213 431.67007 426.30894 426.46334 427.05050 424.78327 423.08123 420.35443 417.85019 415.15196 408.54851 410.58544 414.96571 420.44613 428.75901
432.41483 429.97396 426.40539 427.59699 428.65150 425.52057 424.34575 421.91504 419.51119 416.97506 409.59788 409.72307 415.32173 418.56685 427.81054
430.85953 428.56788 427.24700 427.87075 428.28737 425.82474 424.21597 422.39246 418.73498 416.74998 408.63486 409.10697 413.54458 417.35127 427.25615
429.08569 427.54887 426.04861 428.85381 427.84780 426.33407 424.15139 422.20796 418.91820 417.37548 409.18794 408.24079 412.47145 419.59336 425.50615
427.85515 425.61903 423.62288 428.20779 426.73619 424.92040 422.91374 421.35113 418.77047 417.52183 409.63145 407.16591 411.75696 420.42771 424.65325
428.42865 422.96003 423.26219 427.06250 426.58934 425.50057 420.60658 419.19629 416.98351 416.27033 408.86970 405.38272 411.94662 418.21965 423.21785
426.10961 420.29435 422.75903 425.44483 425.05357 424.94419 421.57882 417.99771 415.12909 414.78035 407.39349 405.18089 411.25443 415.68810 421.28377
423.44726 418.84116 421.26388 424.58927 423.03059 423.50773 421.20551 417.59457 415.08485 415.60585 408.51102 404.67194 409.39677 414.06555 418.73128
418.67572 416.72184 419.93219 422.75581 421.40615 421.72493 419.38976 415.43481 414.65851 413.72343 407.40511 403.01360 406.62100 412.31561 416.52261
414.48741 414.92314 417.35947 418.28295 419.86128 419.27311 416.03248 412.84732 411.58577 411.51122 404.75497 400.27189 404.23502 409.97039 414.19480
409.40085 412.76661 417.20078 415.01926 416.71362 417.20853 411.80784 409.10739 407.71121 407.76949 402.15172 397.20520 400.85217 408.49214 411.00021
404.87090 409.23769 412.92097 413.33792 413.42088 413.11292 408.88491 406.20714 403.24312 403.87991 399.17087 394.17774 397.95716 404.47847 408.32975
399.10389 404.48193 408.40115 410.73737 410.57051 408.21149 404.41450 403.07034 400.46767 401.52924 397.71442 391.66524 394.53770 401.02580 403.65725
392.42381 398.81658 404.80050 406.56911 406.89389 402.61398 398.76323 397.52801 395.81803 396.63424 393.94216 388.32538 390.89129 397.99299 398.48947
385.39654 392.65834 397.62647 401.10331 399.98085 396.53136 392.66294 391.23809 389.86485 389.79117 388.33463 384.12561 387.84659 392.16099 392.09524
377.92130 386.16098 392.26972 394.18451 394.70136 389.87727 387.70565 385.36575 383.59617 384.44363 382.65372 380.44796 383.87900 386.11059 386.27737
369.97566 378.99532 384.78009 387.83168 387.23856 384.33724 382.40182 381.08661 378.98569 378.14475 376.39104 376.50496 378.79289 380.56084 379.07374
361.18021 371.24403 376.56616 379.72108 379.26979 377.73440 376.37281 375.03319 373.44006 372.29337 369.83548 370.80595 373.01853 373.12371 371.28704
352.71648 362.84287 368.13691 371.41477 371.36973 370.97966 368.79563 367.22291 366.82345 367.59537 364.27558 364.41541 364.80455 366.06284 363.25891
344.51774 354.94169 358.01658 363.28489 363.11374 362.19503 360.38479 359.91557 359.26084 359.48266 357.62332 357.46386 357.71908 358.86773 354.89112
335.12362 345.57175 348.43831 354.03199 354.93467 352.99487 352.75655 354.67878 351.99006 350.92892 349.52406 349.51271 349.12375 349.94771 347.43893
325.58937 335.44625 338.23398 345.63097 344.59516 344.29433 341.76991 346.28922 342.12717 342.62277 340.09671 340.84095 340.46830 342.27544 337.83835
445.09995 442.08439 438.85984 440.87085 445.73280 446.08236 448.51773 449.61794 449.19443 446.00239 440.85034 439.80577 439.43635 440.84631 446.24801
442.89555 439.18367 436.36984 439.17822 442.96616 441.91228 442.99842 444.19548 444.03103 440.90853 435.36656 434.49380 433.68906 434.16480 440.80313
441.79537 438.53204 437.27336 438.08532 441.05464 440.62631 441.35137 441.53885 438.86265 437.43233 431.30993 430.73390 431.26995 431.50446 437.24588
440.09943 436.15011 435.88321 437.68762 440.45752 440.09659 440.75434 440.08624 438.12757 435.74610 428.94941 427.91955 429.60998 429.60973 435.24089
439.04434 435.39259 435.02795 438.53187 439.18502 438.69297 439.27039 439.34150 436.17370 433.53000 426.30067 425.18958 425.66379 427.82873 433.77346
437.75396 434.09576 432.34311 437.72383 438.67689 436.82393 436.82639 437.10164 434.81960 432.07655 425.16467 422.10506 424.95836 428.88268 432.28750
437.67298 432.44994 430.07625 436.11356 437.10281 437.05996 434.70187 433.56903 432.07283 430.34085 422.92341 419.88179 423.33825 428.10168 431.75286
439.38681 430.30746 431.02867 433.82562 435.41646 436.18672 433.78759 431.46175 429.65473 428.78942 420.37398 417.18436 422.40544 425.05561 430.39355
437.40250 428.30326 429.62576 432.48985 432.85684 434.55040 433.05682 430.55987 427.81129 428.06121 420.90528 417.31102 419.50031 423.01723 428.35155
435.28672 426.56315 428.11937 431.20582 431.03933 431.58731 430.08890 428.15815 426.50128 426.02890 419.04176 415.32061 416.55592 421.36418 426.77153
430.92702 425.64123 426.89694 429.51861 429.53512 428.40496 426.50873 425.40239 424.13720 423.46682 417.47539 412.24147 414.00008 419.65384 425.84013
425.99785 424.20696 424.52141 425.99419 426.75929 427.44017 422.93001 421.46558 419.90457 418.46794 413.36786 407.70344 411.86255 416.53491 424.10939
422.04415 421.66945 424.93991 424.52781 423.15276 423.89568 420.99867 418.53746 415.41777 415.01368 410.09254 405.06999 407.26489 416.77037 421.96084
419.22035 419.18227 421.66843 420.37108 421.36331 418.84415 417.36439 417.13274 414.64693 412.14854 408.75140 403.10364 404.54397 412.81617 418.79722
413.82652 414.46776 417.01097 419.41897 418.82519 414.24670 412.86755 412.69587 409.58451 409.07724 404.27286 399.82819 401.94116 409.64356 415.49987
409.08264 409.47952 413.02400 414.34973 414.62430 410.39182 408.40274 406.63395 405.62825 403.05158 400.46165 397.26757 398.29254 406.20767 410.18348
402.65951 404.01456 408.60531 409.31397 408.82308 406.32460 402.94616 401.18464 399.80939 398.99160 394.38424 394.14978 395.23534 400.43489 404.71835
396.10718 398.70403 402.50463 403.77114 402.55672 400.64918 399.04616 397.25724 394.67573 394.06174 389.84682 389.88157 392.16246 395.44167 400.05377
390.09435 392.01551 396.43176 396.78532 395.85178 394.27140 393.42312 394.14723 389.93555 388.47158 384.80519 385.14829 386.86489 390.26047 394.37547
381.65976 386.45894 388.78104 390.30271 388.46782 387.80152 389.22195 389.63460 386.75228 383.53194 379.29639 378.97152 381.30110 384.21913 386.56327
374.70132 379.28061 381.48747 382.60141 381.02136 381.41598 382.44006 382.80247 380.03932 377.76051 373.60054 372.12125 373.60063 377.36221 380.74662
366.33693 371.60043 372.29904 374.05432 373.39917 373.38104 373.69746 374.12946 372.91163 370.31886 366.70927 364.59832 366.68877 369.85830 372.87444
358.69846 364.41295 364.36219 366.40037 365.32508 364.20278 366.61295 369.15473 365.48623 362.35296 358.15469 357.09772 358.92868 362.72390 366.19577
349.56827 356.03921 355.56619 358.60577 355.86086 357.13119 357.13138 361.79803 356.47288 355.12190 348.79926 349.73835 350.40793 355.56145 357.66654
471.74342 469.54258 472.82473 477.03579 480.33582 484.39575 488.24122 491.57732 491.35702 489.34935 485.11246 480.94720 475.64609 476.03664 476.06045
469.33908 466.58144 468.72569 473.36983 476.84367 478.79161 482.28941 484.56757 484.14200 482.48206 477.73576 473.35565 471.23904 468.55577 469.23730
468.55638 465.03039 466.06037 471.85267 476.72282 476.32919 477.79893 479.64485 479.78262 477.48076 471.90340 468.65376 467.87495 465.26701 465.29751
467.88198 464.11283 463.35061 469.72019 474.74634 476.09647 476.14847 475.52175 474.94486 472.45323 466.19338 466.01390 464.36522 461.06717 463.21785
467.09725 462.52412 463.78851 467.16007 471.98077 473.77758 474.73953 473.69997 473.13446 471.09832 465.35889 463.30848 460.31645 458.04199 461.18450
466.27687 460.96419 460.85059 467.13637 469.15136 471.80171 470.67111 470.59444 469.67630 468.60778 462.09692 458.78648 457.85271 457.01968 459.18955
465.03192 460.14749 459.49079 465.65419 465.98276 467.75952 468.74959 467.24250 465.46368 465.86987 458.47230 455.35571 453.54963 455.29135 458.07986
465.61774 459.21006 457.85664 463.13710 465.20972 465.40949 464.39393 463.91983 462.44740 462.46708 455.50381 450.05943 451.84575 453.88229 457.50253
463.17389 457.84339 458.74277 460.80472 461.94620 464.14300 461.83548 460.32564 458.14351 457.70731 451.36204 446.54735 448.91560 451.06852 456.97725
461.10809 454.93846 458.35509 459.75495 460.06106 461.33703 459.68735 458.22266 456.06703 455.73545 449.16902 444.92169 445.38847 449.17786 455.75076
457.94176 453.06297 456.53792 459.32087 457.29317 457.61920 456.75732 456.99440 453.99754 453.27114 447.65878 442.26872 442.67663 448.60838 453.49073
452.61746 450.35419 453.46463 457.01016 455.52190 455.68102 452.52497 452.37777 450.48833 448.83175 443.61770 437.74656 440.64936 447.25870 450.55894
449.13419 448.10915 450.44740 452.94682 454.24755 454.19058 451.57732 451.01758 446.74786 444.96216 440.69882 434.51392 437.88589 444.91621 448.32195
447.53720 445.10792 447.69514 449.17921 452.40639 450.38704 448.15155 447.55971 444.28422 443.04900 437.90143 431.54276 434.96951 441.08620 444.97215
442.56441 440.05656 443.53235 445.80887 447.70631 445.83580 446.40341 442.97260 439.89247 439.41947 435.18952 430.37930 432.65766 437.85174 441.93879
438.67684 438.14783 439.15741 441.94106 442.33141 441.16241 440.64881 439.44189 438.80502 435.54055 432.67740 428.48172 428.10441 432.16423 436.36055
432.14869 432.57066 435.41337 437.26690 435.98437 435.38753 435.80347 434.37090 433.44308 431.85986 427.58544 425.02791 424.12303 427.43872 432.61346
426.19970 427.74126 429.91625 431.40974 428.65507 429.89238 429.76783 429.53122 426.88959 425.66496 421.49265 417.75509 419.74925 422.75524 428.51890
419.72978 422.07302 425.09631 423.82416 422.67430 423.14528 422.94256 423.79113 421.19180 418.58664 414.37904 413.23433 413.39971 417.81705 423.41489
411.19837 415.67818 418.40764 417.51497 414.99747 417.06406 417.55876 417.88876 415.63950 412.78819 407.38716 407.57626 408.07818 411.90205 416.42759
404.34111 407.83904 409.73078 410.04430 407.60745 410.18308 410.87325 411.28262 409.09204 407.36758 401.69309 401.38559 400.92756 406.39532 410.89588
396.24826 400.11745 401.41243 402.08258 401.77260 402.54905 402.84916 402.61574 402.22112 399.35882 395.32983 392.55005 393.07246 399.66324 402.91596
389.93570 393.04526 393.72352 396.45660 394.66060 392.96910 394.19721 396.30119 393.45487 391.44792 386.83448 384.22548 387.45952 393.77038 395.10256
382.35174 385.11754 384.05509 386.51869 385.73983 386.89430 383.75254 388.90740 383.86688 383.76714 377.14109 377.52829 378.97021 384.86799 387.47773
503.10023 500.71543 505.18592 510.23435 517.48004 524.23677 529.42791 532.34639 532.77862 531.52410 528.89700 522.89445 513.43630 510.34244 508.25643
501.33293 498.55358 500.71852 507.10311 512.88146 517.70201 522.73272 525.30030 525.20655 524.03773 520.74845 514.34131 506.25233 503.60821 501.14966
499.47335 496.30010 497.73138 505.31125 509.45840 512.12164 517.04024 519.99304 519.18646 518.07530 513.04634 507.04595 501.27141 498.11690 497.40724
497.49958 495.83664 495.56780 501.74351 507.49359 509.17259 510.79185 512.97540 513.47052 511.11802 505.62804 500.73045 497.28946 494.07710 495.06052
495.56196 495.25461 495.62612 499.71259 504.88235 507.39968 506.77820 506.98392 506.36444 504.96831 499.58817 497.13645 493.97438 490.62451 492.84163
494.88559 493.83805 493.36305 499.14323 501.51895 504.31517 503.89691 503.06282 502.33834 502.12349 496.43805 493.44913 490.60993 488.96892 491.64206
493.32335 492.15824 494.29566 497.43359 499.39212 499.81954 501.07363 500.61005 499.26192 499.41870 493.03015 489.41021 486.21575 487.21744 490.79133
493.38087 488.61430 491.88011 497.13124 496.98593 497.55816 495.43186 496.28655 494.90544 494.76113 488.37940 483.44962 483.76859 486.63253 488.52141
490.68223 485.70824 489.43024 495.04162 495.07362 494.73233 492.15467 492.19907 490.17562 489.94705 484.30256 479.60604 481.40694 485.05485 485.92692
489.97919 484.14991 488.34723 492.09302 494.31366 493.00284 489.71765 488.92793 487.73202 487.78113 482.77183 477.51833 480.67110 481.47804 483.88385
487.11201 481.28177 487.42122 489.14693 491.40471 490.38733 488.51248 487.29299 485.27988 483.83613 479.40830 473.59831 477.65945 479.24787 481.18858
483.49037 479.26159 483.84259 487.71450 487.67340 487.50971 486.30420 485.21980 482.42893 480.17803 477.67144 473.02500 473.85872 477.97664 478.86055
478.87914 478.03873 479.49439 482.46170 483.28529 484.13331 484.66745 484.66189 481.30865 479.17006 474.65851 469.55478 469.37005 474.59653 476.54278
475.15518 474.68892 475.94094 477.88716 480.45977 480.38625 480.06957 479.69780 478.34300 475.48671 470.52459 464.96763 464.73570 470.56679 473.78883
471.00788 470.84381 473.21406 474.64456 475.77049 474.89018 476.37688 475.44331 472.47537 471.08261 466.41730 460.71965 461.98679 466.50487 471.06614
466.27166 468.13251 469.50297 471.73686 471.24164 470.27985 471.84574 471.92217 469.70901 467.55251 463.30177 456.67696 456.21205 462.09427 465.99282
460.70852 460.43697 466.09432 467.20041 465.24857 464.56886 466.11872 467.07827 464.73656 462.66739 458.22164 454.81486 452.76396 457.54270 462.69923
455.10956 455.45028 459.14383 460.74679 458.64708 459.71861 460.28103 459.94384 457.67207 456.31785 451.60600 447.53408 447.37146 452.16665 457.41801
448.91458 449.64440 453.41057 454.85945 451.69291 454.16932 453.83730 455.11905 452.95772 449.73577 444.65833 441.99065 443.88787 448.28731 451.25695
440.73818 443.85329 445.75455 445.71163 446.93284 447.90922 449.87782 450.17869 447.39056 442.98849 438.42473 436.26028 438.81557 442.04472 444.94081
434.24559 436.75217 438.46283 439.06899 439.70419 441.12608 442.33084 441.48443 442.12100 438.41009 432.04549 430.21133 431.41890 434.93165 439.52173
426.49548 430.79391 430.91356 431.25155 431.50976 435.36020 435.75455 434.45282 435.32226 432.21917 426.95482 423.74544 423.88374 427.70168 433.02425
417.83555 422.90309 421.45611 423.54634 424.40848 425.60183 428.47683 429.85391 427.25127 424.58985 418.63629 415.69988 416.07009 421.41190 424.99189
410.38092 414.81620 413.32766 414.95082 415.03917 417.74860 417.23740 422.35070 418.86761 416.49666 410.24516 408.91566 406.95800 412.71428 418.73044
537.93200 540.97275 545.16506 550.87887 556.19573 562.96664 569.84209 574.64651 576.66164 574.93432 572.61741 566.00985 557.14039 549.62967 548.55392
535.04138 537.53964 541.00713 546.32575 552.17784 555.33325 562.00307 564.99038 566.96866 565.69198 562.66601 558.27723 549.26308 543.46534 541.91133
532.94717 533.99704 538.34244 543.93123 548.58602 551.99650 554.52674 557.13988 557.73271 557.15388 553.59611 551.17026 542.82488 538.24334 537.00089
530.22813 532.04599 535.88833 542.39764 545.39928 549.67416 550.99920 552.27927 552.49280 551.41404 547.75212 542.72870 537.84582 535.94792 533.30448
529.71606 529.92966 533.34060 539.82500 543.81979 544.71712 546.61822 548.57263 547.37158 547.11577 541.85231 537.05023 533.50805 531.85966 529.31661
529.16557 527.82972 530.52542 536.65519 541.46742 543.06271 542.72014 543.78276 543.16583 542.18587 536.09125 532.06396 530.64379 527.11147 527.01306
528.13390 527.38515 528.71550 533.92206 537.52791 540.38903 539.17921 537.77905 537.96781 538.15585 531.73478 529.06468 527.93951 525.40552 524.82161
527.05855 524.19871 526.31470 531.54447 533.89100 537.18916 536.34600 536.26159 533.32756 534.93437 528.82816 525.29905 522.59594 522.70181 522.82740
524.45976 520.91837 523.78732 528.52026 531.51096 532.48755 533.40552 533.74839 532.05052 532.54923 526.07514 520.69847 520.07482 519.99662 519.33919
522.31472 519.87724 522.65373 525.47788 528.41356 529.16509 528.97456 529.66085 528.48931 527.19304 521.94783 516.21716 516.46954 516.34198 517.67477
519.39852 517.03297 522.96248 522.91046 525.72686 525.85413 525.66299 525.69903 523.72065 522.15517 516.81943 511.09998 512.28277 512.73909 515.47677
516.11707 514.35451 519.47691 522.53187 521.23999 522.45104 522.93636 523.31426 520.35904 518.89786 514.91799 509.12181 508.60000 512.08523 513.74402
512.81042 511.45195 515.63281 516.30083 517.72574 516.89228 519.72048 519.77609 518.56213 515.45472 510.51361 506.02627 504.88565 508.94541 510.83177
508.57368 508.44100 509.47444 514.08941 515.19008 515.21480 516.33492 516.11512 515.38718 509.77182 506.05512 500.50696 501.35373 505.66854 505.72598
505.57986 504.78967 506.93878 509.87308 511.62988 510.95973 513.53261 511.31912 509.40973 506.34603 501.33925 496.36665 496.30717 501.73024 503.10715
498.94888 500.01717 501.14285 504.34215 507.26699 506.46058 508.30229 509.63346 505.90035 504.20586 498.49014 493.84641 492.29421 496.54182 499.50334
491.30557 494.87125 498.12413 499.89361 501.00607 502.68724 503.35839 503.26115 501.91547 498.79149 494.64113 490.65807 487.24498 490.73299 496.07130
486.35824 489.58557 491.87059 493.81603 494.23050 497.47119 498.38048 497.72772 496.64890 495.02432 488.28715 484.56324 482.89536 486.30353 491.13602
479.22265 482.64373 487.47212 488.87857 487.79370 489.90927 491.84466 491.56990 489.59905 488.92223 482.61694 478.67586 477.63740 482.13353 485.66707
470.79947 477.66185 479.62992 480.71506 481.83572 482.63153 484.37891 484.55233 483.52157 481.42486 476.30099 471.14511 472.62328 475.40045 478.57154
464.46134 468.86616 471.57382 474.39458 474.88127 476.76301 474.73777 474.34827 476.33496 474.26875 468.43733 464.16296 465.15568 468.85438 471.11889
456.48066 462.52795 462.69196 466.15289 468.00311 470.59232 467.39418 465.45654 467.38641 467.74692 460.97968 458.11649 458.11755 460.67968 465.15871
447.75933 452.71656 454.36600 458.41368 460.44214 460.36654 460.92899 460.69718 459.20035 459.14747 454.98244 452.08759 450.56394 454.26989 456.66152
440.12411 444.98135 444.82134 449.90550 451.29560 451.63925 448.43121 452.81610 447.95550 448.71652 446.53989 444.05705 442.26849 445.40351 448.67594
567.77368 582.30391 590.74546 592.42766 600.52412 604.48482 608.43929 609.87425 608.67976 605.39300 601.35582 593.61409 583.22933 567.25239 550.11998
565.33529 583.36978 594.13340 598.84043 605.51088 607.84267 611.23054 611.79141 608.56926 604.44739 600.60625 592.28853 579.75929 561.97415 543.48310
559.56487 579.12626 591.54080 596.86439 602.36427 604.02385 606.28099 607.27066 604.49766 599.78969 596.27251 588.12880 574.02340 556.27823 536.81536
553.91819 574.25225 588.33757 594.37739 599.41913 600.36609 602.66214 602.69530 599.93126 595.08420 590.57021 582.46443 568.76033 550.33319 529.92041
547.82233 568.61049 583.85856 591.50526 594.86164 596.07231 598.26899 598.41099 595.44282 590.34914 584.63985 576.84309 562.84165 542.84368 523.10234
542.25281 562.14265 578.49724 587.07189 590.70119 592.93849 594.57086 594.63537 591.28929 585.40614 578.45920 570.22579 556.42683 536.09788 516.52060
535.51067 554.91049 571.95655 580.71564 585.68987 587.67801 589.69902 589.96823 585.90588 579.60594 572.15095 563.78655 549.60740 529.20369 510.58385
529.22888 547.92657 564.70564 574.64018 578.92837 582.90600 583.66987 584.22949 580.79153 573.23514 563.97770 555.97316 541.87347 522.64153 504.43757
522.55069 541.13582 557.15615 567.17576 572.01999 575.81719 577.00805 578.01302 574.56779 566.63111 556.44194 547.60808 534.76004 516.70942 498.75103
516.02382 534.38450 550.05101 559.13612 563.75305 568.73985 569.67236 569.98277 565.70104 558.40803 549.27147 540.44551 527.56606 510.69544 493.04284
510.48932 527.27391 543.63626 550.99509 556.42571 560.79040 562.04615 561.57237 557.94509 551.54918 541.90755 532.26755 520.86077 503.94359 487.35179
504.63145 521.09188 536.08167 544.55211 547.76352 553.58205 554.68046 553.68689 550.83490 544.03776 534.12298 525.11906 513.92288 498.09908 481.60169
498.26020 514.15626 529.05558 536.00285 540.86519 545.61334 546.60937 545.45337 542.50174 536.74231 527.41285 517.66917 506.80914 492.28286 475.74682
491.09761 507.51679 521.22720 528.25258 533.18503 537.51354 538.06962 537.74084 534.72689 529.03386 520.30818 510.49680 500.18559 485.42009 469.63873
483.71650 500.63916 513.22144 520.36287 525.41107 530.55182 531.20231 529.69100 526.30167 521.91717 513.67585 503.56423 493.77485 479.30544 462.49062
476.30459 492.79467 504.65810 511.66010 518.60301 522.98589 523.37522 521.79052 519.12259 514.53355 506.59235 495.95172 486.34381 472.23055 455.29967
468.43244 484.69431 495.96791 502.25373 508.94727 514.46550 515.40103 514.39868 511.27719 506.49434 498.75312 488.19479 478.28685 464.58632 447.86241
460.53488 475.66325 486.91916 493.34979 501.09748 505.74997 506.62745 506.29951 502.57151 497.64838 490.37073 479.64082 470.48241 456.81907 440.15584
451.85078 466.75527 477.06064 484.18252 492.12425 496.56748 497.98838 497.42655 493.96049 489.03473 482.14345 471.15079 461.65951 448.07026 432.27273
441.97759 457.53933 468.15849 474.56885 482.72182 487.21279 489.10258 488.98377 485.39020 480.22262 472.86603 462.15640 453.16482 439.81595 423.38728
432.69967 447.69281 457.50166 464.62039 473.45179 478.05609 480.13858 479.40844 476.94863 470.89882 463.56950 452.88974 443.28595 430.78967 414.88709
422.82017 437.55364 446.25892 454.69273 463.14961 468.26308 470.31965 469.96687 466.97939 461.49874 454.14793 442.76715 433.20485 421.99649 405.95386
412.50042 427.27078 435.67291 444.42645 453.26121 456.98078 460.17070 460.17363 457.62810 451.18498 443.43154 433.39176 422.99593 412.47098 397.26524
401.51563 415.85890 424.28065 433.58483 441.57961 445.97461 448.47710 448.93275 445.27301 440.21702 431.97505 422.91699 412.21730 402.24160 387.89263
596.58266 596.09709 587.80279 581.15730 589.61948 594.30920 601.27926 605.01530 606.04019 605.44757 604.89369 606.76548 609.58472 603.03009 593.77945
596.58903 602.26064 596.71427 589.84329 598.29463 601.75038 607.91844 611.16089 610.01314 609.60161 610.90710 611.11560 608.39043 600.55965 588.45456
593.62400 599.60852 600.04039 591.51298 598.95578 602.92778 607.04638 609.75933 610.28562 610.42830 612.90945 609.10855 604.85494 596.30741 581.40159
590.54184 597.22445 601.80975 595.94017 602.14131 602.79240 608.11396 611.50703 613.79366 613.52418 613.44385 605.89385 601.08152 591.70457 574.84854
587.69868 595.65227 599.18554 598.96235 604.22742 605.71546 610.73640 615.30426 616.12155 613.67852 609.68927 602.89970 598.13431 585.75859 567.73590
583.51790 594.29433 596.24828 597.53750 604.74966 608.80402 612.47101 615.07306 613.88974 609.95926 605.83733 600.99970 594.28144 579.74178 560.64251
578.31721 591.28250 596.10969 594.40359 601.77466 606.45295 609.27799 611.01504 609.37573 605.88169 603.07156 598.68839 589.48416 573.51167 554.70572
572.97385 586.90081 594.95162 593.12616 599.46771 603.63984 605.16203 607.84066 607.20015 603.87814 599.58472 594.45385 584.01628 567.15996 548.12992
567.11760 581.72705 590.83938 593.01848 598.09448 601.57930 604.51007 607.16893 605.96264 601.71066 595.15887 588.78971 577.12383 561.55782 541.96337
560.61118 575.99792 586.85573 590.38647 595.84079 600.60748 602.06836 603.89645 602.35661 596.94184 590.11841 582.90444 571.34965 555.74083 535.63238
555.07506 570.81420 581.92461 585.04079 592.00658 596.06005 597.49939 598.33462 596.49594 591.58972 583.53436 575.72943 565.34163 548.43595 529.57088
549.28600 564.75593 575.61625 580.09440 585.85863 591.20229 591.99743 591.89022 590.74007 586.40108 577.43456 569.80592 558.30885 542.32284 523.46228
542.42757 558.21585 569.36434 573.89809 580.78306 585.11668 585.22776 585.28758 584.10672 579.81273 571.44438 561.79562 551.43100 536.45795 517.53145
534.95549 551.40252 562.65442 567.87694 574.66485 578.66591 579.25476 578.27362 577.85609 573.21594 564.93580 554.93245 544.08463 529.26156 511.24318
527.46524 544.52751 555.47557 561.46378 567.95684 571.65603 572.21281 571.85930 569.75024 566.02844 558.42555 547.21392 537.32917 522.41451 504.21774
519.59955 536.16853 547.16087 553.42276 562.01055 564.88702 564.23044 564.63105 562.11862 559.32538 550.94045 539.64116 529.93273 515.21612 496.66879
511.80325 528.45953 539.10443 545.93076 553.15409 557.14900 556.87893 557.17470 555.12977 550.97201 542.95597 532.05087 521.86382 507.45721 489.16009
503.90156 520.01314 530.69543 537.69645 545.35329 549.25519 549.45858 548.69516 547.15678 542.18886 534.97432 524.22803 513.37667 499.28122 481.38914
495.01354 511.36711 521.94252 528.86311 536.58216 540.61433 540.43213 541.51388 538.94404 534.55933 526.72324 514.82902 504.87736 490.61584 473.31526
484.57990 502.13115 512.15594 519.98780 528.32575 531.64712 533.18537 532.90657 530.75899 525.08207 518.19914 506.22462 495.81089 482.07907 464.22902
475.38562 491.60161 502.15060 510.49779 518.35477 522.37732 523.83698 523.85503 521.59762 515.68342 509.38956 497.77053 486.34011 472.93407 455.93378
465.26491 481.43047 491.24614 500.68516 509.04255 512.91637 514.32227 514.54121 512.25356 506.75102 499.62001 488.22410 475.91378 463.72821 446.56652
454.45978 471.06988 480.43575 490.99145 498.42251 502.66737 505.03687 505.55983 503.24329 497.71098 489.07429 478.23620 465.50683 453.84060 437.29538
443.21985 459.55586 469.11722 479.75112 486.99646 491.59084 493.43552 494.93708 491.89480 486.85607 477.16199 467.96329 454.65129 443.10048 427.09606
605.38009 592.92076 580.87581 573.09134 581.79172 587.01072 593.69077 597.27534 598.09524 599.15043 597.73759 603.17619 614.60951 623.20393 623.97815
607.74955 598.37488 585.08015 576.61662 585.03300 588.29114 594.91810 599.77617 600.54673 600.28660 600.28965 606.21511 615.12737 621.22868 620.86646
608.65467 598.53722 588.96980 579.40146 588.07935 592.22077 596.88156 599.55012 599.99705 600.73087 604.97978 606.85829 614.71022 618.10498 615.50950
608.06196 600.17438 595.01635 582.19399 588.94889 592.73971 596.44673 600.36702 603.25647 606.27842 611.16791 606.30096 614.44256 614.78087 610.90443
606.95979 602.55965 596.47946 586.63499 592.19064 596.16272 600.69270 606.64611 610.19982 611.38495 610.44358 608.63625 612.16762 611.98678 605.97603
605.07024 604.77693 595.16574 590.05324 597.40325 602.59761 606.67584 611.53769 612.46891 610.11609 611.96078 611.06129 611.16159 608.72836 600.35799
604.04867 604.40577 598.49468 590.02360 599.14547 604.69525 607.53541 610.45236 610.08440 611.14987 614.16872 610.12273 607.22978 604.86237 596.31949
602.04221 602.31375 599.67001 590.13810 598.49834 603.93150 604.99755 611.19452 611.85786 614.48148 613.65569 609.58257 604.55997 600.83200 591.07645
599.77871 600.62518 599.78093 593.70432 602.06486 606.11869 609.49888 614.20546 614.28563 613.54713 611.56156 607.81236 601.78851 596.34036 585.85783
595.99460 599.17786 598.99552 595.09880 603.17809 607.61714 609.72399 611.65660 613.09294 611.49036 609.67918 605.86676 598.74007 592.36980 580.87127
591.91798 596.65024 597.18785 593.42824 600.47297 605.15698 606.57487 608.51613 609.97276 610.05162 606.74166 603.38992 595.89834 587.91030 575.81011
588.56898 594.36536 594.69463 591.32209 598.14317 603.52492 603.65821 604.32892 606.62288 607.37240 604.18920 599.88999 591.68104 582.97645 569.53209
583.95257 590.27156 590.90999 588.09190 596.67669 600.14256 599.50638 601.15546 602.73014 604.42495 600.82461 595.33283 587.57701 578.25542 563.54480
578.14851 586.23260 587.12723 586.40210 593.30957 596.81467 596.90511 598.17477 599.17875 599.95924 596.55939 591.87984 583.25143 572.29521 556.62071
570.63754 581.04322 582.47173 582.32259 590.45050 592.88513 592.07768 594.04277 594.07314 594.42723 593.09278 586.27476 577.19064 565.59531 549.83344
562.69955 574.45702 578.19511 578.51797 587.13449 587.55814 586.05320 589.13447 588.87311 588.91195 586.98299 579.94344 570.84693 557.87493 541.47414
555.01757 566.80674 572.65036 573.96838 580.26050 581.94313 580.31483 582.98225 583.16283 583.52009 580.79975 571.98559 563.56855 550.34516 533.75091
546.71750 559.39335 565.62895 568.28133 575.00008 576.76469 575.00436 576.70656 577.62447 576.58054 572.75104 564.22783 555.20460 542.12301 525.66420
538.06422 550.74702 557.01899 560.71762 567.82484 569.68624 569.31259 571.05659 571.38322 568.24729 564.20594 555.82408 546.99127 534.30122 517.15462
527.67457 541.87062 548.11763 552.42839 558.95646 560.92564 562.80451 564.03241 563.72085 560.65067 556.11599 547.14092 538.02624 524.80292 507.93037
518.47398 532.31264 539.15422 544.03686 550.07677 553.44586 553.26949 554.27664 554.77648 552.76737 547.36628 538.50351 528.31381 515.78002 498.87988
508.03157 522.36470 529.28333 535.19823 541.39540 542.94955 544.35801 545.24840 546.00035 543.48494 538.36402 529.15345 517.96758 506.34922 489.79401
496.76986 511.51964 518.63902 525.70394 531.89470 534.21715 536.01207 538.84401 537.20254 533.84875 528.46886 519.08486 507.29407 495.97586 479.79338
485.56450 500.46531 507.67462 515.91361 521.31571 524.58195 524.21864 529.38376 526.68344 523.77722 517.37997 508.57436 496.31129 485.81955 469.87171
614.05375 600.48870 590.19723 585.30010 592.15864 597.39682 603.03724 606.61585 607.26990 607.17843 603.62498 610.12723 620.54180 636.49090 648.19085
615.79859 602.16575 591.10786 585.39223 593.03804 596.82550 603.22073 606.57402 605.64629 604.10606 604.46308 609.22819 619.58768 633.54830 645.91817
617.97284 602.55327 594.62165 585.50482 593.16093 598.52776 601.85151 604.29949 604.07262 604.81157 608.91131 609.18550 620.85676 631.62309 644.29691
619.13015 604.41392 598.83679 588.23533 594.48338 598.95083 601.51381 605.15959 608.25990 612.16744 614.46654 610.03735 622.09225 630.30850 641.43729
618.86004 609.18784 598.94424 592.24943 598.06785 601.85617 606.16979 611.31442 614.44915 615.83142 613.85240 614.69348 620.64078 630.66285 639.20613
620.21768 611.45604 598.99514 593.50014 601.75788 607.12620 611.13646 615.26948 615.44314 613.42489 620.20648 617.42522 621.39273 630.13650 636.30855
623.23685 612.57961 603.65169 592.07640 600.85762 607.10579 609.96469 613.11562 614.03022 618.42258 622.27156 616.80917 619.98607 629.96018 633.17326
624.52117 613.17041 605.25273 593.35087 601.92292 607.17876 608.01620 615.71746 618.29612 620.33812 622.80290 619.41866 618.57914 627.81413 629.93818
624.73883 613.20746 605.01018 597.73179 608.71874 613.27888 615.50624 618.81218 619.66157 620.98977 623.46085 620.50709 619.99309 624.44246 625.79866
623.79262 614.44575 607.05597 599.26909 608.20402 613.53566 614.66912 616.63119 619.65922 621.03089 623.17368 621.59114 617.61486 620.78228 621.74717
621.36939 616.55909 608.09740 598.87307 607.61291 613.18093 613.57684 617.06889 619.83920 621.36695 622.53715 622.23179 618.96466 618.74382 616.23010
617.95030 615.66793 606.41640 598.60472 607.40595 611.91408 611.99354 614.45289 618.93298 621.76047 622.12048 622.90543 616.62945 613.80126 610.74655
615.12825 612.79682 605.26465 597.96732 607.25907 611.33082 610.89478 614.27460 617.09403 620.59722 621.88936 620.85887 613.75399 610.21682 605.43517
610.35529 609.65589 603.56089 598.58402 606.22941 610.10840 609.92255 612.36571 614.32750 619.94402 620.07993 617.20515 611.48903 604.51998 600.34637
605.03651 604.81344 599.42807 598.03055 606.84360 607.24692 605.95356 610.13289 613.77891 616.38816 615.88315 614.11016 606.29020 599.19949 595.98758
600.14350 600.64973 596.26794 597.41976 605.21788 604.63339 602.44817 607.61523 609.46156 611.23088 611.32262 609.16392 601.42576 593.89493 588.91751
594.58208 594.40307 592.90811 592.00939 598.14458 599.90400 598.11771 601.94541 603.63480 605.08777 607.04639 602.89637 596.45179 589.63578 582.30748
588.07796 588.18879 587.30919 586.71087 591.57266 592.67263 592.85988 595.05315 598.10291 599.34003 599.79010 595.88552 592.91513 584.17433 574.54432
580.85568 582.42812 581.18405 582.75690 586.93215 586.34852 586.37558 589.74899 592.96693 592.44233 590.85001 590.64896 586.95304 577.04471 566.72280
572.00575 576.86875 573.51070 574.90834 579.43574 579.44766 581.37287 584.21633 586.41060 584.76852 584.09404 583.56191 579.88344 570.07323 558.16614
563.60476 568.68471 566.81369 567.06571 571.03450 574.18966 574.83568 575.99430 577.27155 578.21553 577.92491 576.33677 571.07163 561.72507 549.90574
554.74459 560.56741 559.08869 559.51007 562.45241 564.73942 565.66521 567.27956 569.65078 569.98465 571.75002 568.41925 561.75827 553.24882 541.64797
544.92449 551.49236 552.10779 551.80021 553.82735 556.20773 556.44820 561.82974 561.93862 562.97595 563.57572 560.26723 552.43164 545.38043 532.71062
535.21347 541.65251 542.91429 545.81530 544.50296 548.08499 546.41722 555.58502 552.92394 554.97110 553.49401 550.45017 543.23001 535.80748 523.98930
627.94929 617.63664 614.13949 608.32351 614.86568 620.63451 625.38715 626.89904 626.20581 627.04427 626.29730 628.34910 633.54736 647.48249 662.73431
628.27659 614.91478 614.58231 606.65512 612.93110 616.11533 621.55702 624.97943 624.88042 625.11231 625.51050 623.04295 633.01471 644.39820 660.07625
628.64958 615.36956 613.68425 608.70717 614.50590 617.81026 621.96172 624.83947 625.54406 627.45789 626.27573 620.57830 633.97903 643.51645 659.01082
629.52390 619.98985 611.90395 612.56857 617.36516 622.27980 625.46559 628.85175 628.89337 628.00955 623.06242 624.69570 632.43509 641.96723 657.82582
630.66095 620.85771 613.61216 610.16294 617.70607 622.71845 626.39751 629.01185 628.01124 624.98997 629.78534 627.67468 631.43846 643.12801 655.99219
631.88360 621.20918 615.03997 605.09983 613.35398 619.16685 622.95251 625.42497 625.11474 629.14207 632.74882 627.11590 633.40588 644.49490 654.49648
635.91344 623.61667 615.49466 607.31788 614.43786 619.33837 622.60239 628.12730 631.04630 632.44138 632.35393 629.46081 631.03548 644.59126 651.61824
638.22544 623.88085 616.61956 610.85892 619.79122 624.93160 627.27789 631.75271 630.52186 630.96962 633.26234 629.67377 630.47381 642.87138 649.90672
637.79848 624.26469 616.88850 609.85330 618.74488 624.01863 626.66542 628.36118 630.91034 632.49058 633.67314 632.02147 631.87217 639.07356 646.76060
637.66370 626.12168 618.29725 611.77878 620.68043 625.10302 625.68527 628.85790 631.02507 632.77674 635.10685 633.71602 631.61182 636.06012 644.81912
636.25313 628.76286 618.87306 610.08637 620.10349 624.46547 625.09099 627.97089 629.73869 633.01730 634.26555 635.72460 630.69292 634.13755 641.92378
633.14359 626.65643 617.81187 610.78959 619.17682 623.29882 623.24796 626.10480 630.04062 633.25456 635.96196 635.23944 629.20892 630.21840 637.52039
632.68213 625.12664 616.40929 609.23487 618.29526 621.52533 623.13731 626.79485 628.28130 632.63366 635.49878 633.98905 628.35035 628.41416 632.98889
629.50979 622.42496 615.14846 610.19286 619.55044 621.98421 622.30989 626.62956 629.51992 631.19069 632.06804 632.33159 625.68406 625.24992 629.01093
626.88916 617.80051 610.56079 609.83071 618.23968 620.29172 621.12389 626.06636 627.00435 627.97363 629.88592 628.74909 621.08846 620.42961 622.92866
622.90327 614.95120 609.12227 606.89507 615.16673 616.14868 616.39828 619.80356 621.39048 624.09998 625.52564 625.24499 621.94655 616.87159 618.14728
618.81124 611.57713 604.57249 604.15213 609.45554 612.07472 611.24786 615.36069 617.79830 618.53956 618.57862 622.70737 619.46195 612.23115 612.30403
612.62959 607.44658 599.72682 599.64182 605.08921 606.44129 606.10405 610.16177 613.21235 612.02962 615.12570 617.56521 614.24178 607.27479 605.13175
606.04027 601.59855 595.80924 592.92988 599.10481 600.60428 600.96429 606.14649 606.31768 606.50085 608.41659 611.44921 609.13406 601.32308 597.82361
597.45777 595.99109 590.93342 587.57038 590.64159 592.76252 596.22885 600.05503 602.44844 601.60993 602.94390 603.89121 601.81412 596.17320 589.26642
590.27382 587.82655 584.91123 583.15398 583.09162 586.24256 590.74441 595.03328 597.06239 597.20156 596.74556 596.50154 594.72371 588.34893 581.32728
581.75913 581.24191 577.00822 576.69769 578.97355 580.96433 584.73277 590.00948 592.44198 589.96111 590.12524 590.94547 587.50123 581.34470 574.06538
573.74352 572.69820 568.86874 569.79887 572.04903 575.17950 580.02781 585.44403 585.05888 582.29794 582.77793 582.68140 579.49282 574.18525 567.39499
565.27426 565.08029 560.78245 561.81668 564.33259 569.19160 571.35599 580.87189 576.16972 574.39484 573.33902 574.56879 570.46024 566.38350 559.82649
655.47306 650.14320 646.62926 652.60744 660.27293 664.09269 668.68444 669.79096 668.83842 663.17644 655.16379 660.34057 663.04063 672.26288 685.66513
654.48955 647.89022 645.20675 645.03184 654.27755 659.54369 663.56229 664.26655 660.96804 656.37996 654.80710 654.67283 660.55636 668.43854 682.52733
654.56857 646.74533 646.52221 641.62588 647.95262 653.80349 656.99803 657.70398 654.76911 656.05280 657.49418 653.84803 660.06848 669.21752 680.50552
654.56867 648.60913 646.75046 644.07013 648.82712 651.54143 654.24086 658.25703 659.39187 660.77742 657.17561 653.46113 659.56743 667.05549 679.58702
657.06931 647.53630 644.60495 644.70619 650.65243 654.69832 657.19180 659.11041 661.46051 659.03411 658.42913 653.86316 657.88442 666.99376 677.54127
657.84341 648.68048 644.21118 641.16220 648.50943 654.11770 657.61775 658.79325 657.63579 657.05327 659.54612 655.59084 658.30739 667.56273 676.96953
659.01952 650.02910 643.28419 640.53344 647.24517 651.95026 654.52292 656.05582 656.86933 658.23454 659.90027 655.26689 656.84173 667.22812 674.45587
659.95023 651.51156 643.91363 640.01538 647.93019 652.38891 655.36515 657.13605 655.81255 658.13472 659.55886 656.26693 655.15486 663.96929 673.61891
658.74932 650.99560 644.23641 638.80526 648.41022 653.19319 654.70572 657.13384 657.53932 659.06851 660.84079 657.31982 654.41075 660.27318 672.38254
658.50138 650.44489 645.99738 639.68355 648.00193 653.10580 654.67943 656.53487 658.57827 658.69923 660.89675 657.40683 654.67918 656.92125 670.71767
657.71813 649.77606 645.54605 637.57053 648.24118 652.46919 653.22709 656.10938 657.94388 660.61519 659.02447 658.04632 652.93130 656.12691 667.74553
656.14170 648.02623 643.07193 639.21768 646.93040 651.23920 652.51628 655.68877 658.33115 659.04401 658.51324 656.90290 650.16686 655.67410 664.02993
656.55784 646.05769 640.37938 637.33448 645.96736 649.77813 652.33357 655.24066 655.25210 655.17726 657.58268 653.66031 650.83530 652.05151 659.16737
653.25270 645.42106 637.94335 634.77066 641.84127 646.26325 647.86597 652.13885 653.53347 653.65509 653.32696 654.42929 649.78867 649.37136 655.16305
650.32508 643.13960 632.87329 634.14247 641.13042 642.61724 644.79553 649.21131 649.70704 649.45195 651.13930 654.03027 646.72511 644.08778 650.04892
647.84852 639.97347 630.51269 629.47297 637.18540 639.85306 642.34049 644.15275 645.06999 646.02638 647.29175 648.84134 644.81100 640.07170 645.88226
642.36881 634.79916 627.92202 624.57803 629.14818 633.57853 634.96270 639.39732 640.28164 642.26920 644.26207 646.02056 642.62066 635.94759 640.68738
636.50844 630.05262 625.31121 623.40948 625.42317 627.87884 630.19765 633.85991 638.08630 637.47735 639.19511 640.60856 637.93930 631.06288 635.28038
630.96457 625.09303 618.72497 618.30717 622.05905 626.29771 625.66753 633.12249 633.33007 633.57303 630.65767 636.08773 634.01778 627.15537 628.59905
623.48785 618.72657 613.81953 612.81272 615.88942 619.70391 622.53508 626.19492 628.33961 627.26472 626.51959 628.94735 627.17721 621.73820 621.69101
617.11885 611.31711 606.23216 605.99390 608.86397 614.06865 616.18656 619.05109 621.27905 621.71443 621.22849 620.59099 620.24786 617.55247 614.47661
611.53165 604.25647 601.43818 598.50000 603.42033 606.08246 608.07352 612.62697 615.38086 615.32891 614.43050 613.89076 614.75172 611.09657 607.15393
605.12761 597.84689 593.00341 592.79433 596.32251 599.02590 601.70997 607.91421 607.37679 607.69735 606.50905 606.16384 607.81773 605.67109 598.72933
596.08174 589.73758 584.91188 584.56143 588.11010 592.43591 591.41514 601.69815 597.43991 598.61861 597.32972 599.25389 601.33570 598.39385 591.30676
688.57650 684.40529 688.32876 692.67842 700.69624 705.14344 708.59495 708.62037 706.66287 701.58494 694.02501 694.74393 696.23630 703.32229 709.66595
686.51282 681.82465 684.01144 686.43880 694.14661 698.08491 701.87639 701.93924 699.77501 695.38071 692.98884 688.66506 693.00545 698.45641 706.41775
686.50914 681.51575 681.42158 684.01183 688.71160 693.66299 695.70126 696.76419 695.50722 694.23702 690.15426 686.62287 691.90693 697.69387 704.69000
685.31689 681.27070 681.34881 682.18739 688.63216 692.34951 693.54092 696.92378 695.64921 692.19697 690.97676 686.58841 690.81597 694.73017 704.72265
685.67490 682.00143 679.73284 678.33980 684.62316 689.68579 692.71743 693.07613 693.58118 692.33188 691.99086 686.32902 689.49458 692.80573 702.07754
684.83268 681.75124 678.25310 677.86415 683.89354 687.91442 689.75428 692.29929 692.94285 692.23488 692.66894 689.15350 687.29632 691.95987 702.34766
684.18989 681.04181 678.49915 675.70961 683.84968 687.40374 688.77423 691.92043 691.31350 691.51170 693.20507 687.51936 684.17934 692.03536 699.94476
684.45878 680.04562 678.07639 675.20031 682.32275 686.23681 687.09337 689.32315 688.96957 693.22764 691.87107 684.81810 682.36115 689.28051 698.03941
684.44668 678.74192 675.69779 674.30255 683.24851 687.25317 686.32299 689.77830 690.99128 691.69299 690.35975 684.07052 679.83216 686.23456 697.31886
683.86052 675.62069 675.67928 672.90222 681.84305 686.21749 686.80646 688.85497 688.84376 687.08065 688.38317 683.17649 680.26128 682.41667 695.91064
683.64696 675.38997 673.19359 669.58980 677.93440 681.76439 682.89142 685.82890 685.58786 686.80327 685.72890 682.21436 679.03513 682.65899 691.89133
681.79679 677.02095 669.33879 667.59345 675.05191 679.27223 680.77569 683.11723 685.10158 683.61828 683.45917 683.58042 677.33624 680.04942 689.44092
680.79962 674.85363 665.92520 664.35664 673.05478 676.94451 679.29011 680.97757 681.21346 679.98290 682.81841 682.22005 675.45862 676.62281 684.60394
678.06831 672.77924 665.07844 661.28273 668.43016 672.70486 674.19850 677.95988 677.76347 679.26809 681.70145 679.48387 673.96441 673.18859 680.70259
674.68857 668.93824 662.27926 659.13459 667.03476 668.76240 670.80270 677.31356 678.80822 678.74278 677.65929 677.72673 671.77357 668.50867 678.18870
672.32002 665.67772 658.44074 658.32346 666.41962 668.12743 670.90873 674.30710 675.41439 673.71301 673.02050 674.88920 668.64879 664.82016 673.10375
667.44368 659.27920 653.52469 652.98848 659.04723 662.88182 664.87757 669.12310 670.33538 667.66950 670.07551 671.00790 665.84331 661.91404 667.04820
662.87058 653.77168 650.70218 649.79405 653.59220 657.38950 659.68454 662.52767 665.27967 664.39144 664.69746 664.84971 661.91146 659.52123 659.88093
658.77330 648.35984 644.78154 644.18879 648.19905 652.13856 653.66755 661.28197 661.64338 660.74626 657.00471 659.57341 659.12660 654.56837 653.19455
650.61942 643.07651 638.99347 638.79636 642.44865 647.21232 650.09304 653.82985 655.75582 653.82575 650.78965 651.71978 655.18030 648.59352 645.46458
642.99505 637.92930 631.17339 631.82690 636.20862 641.52670 643.00861 644.93945 649.20991 648.00490 644.54460 646.40403 646.85582 642.03856 636.71625
637.21628 631.28496 625.81863 624.48821 629.20743 634.67428 635.26324 638.96167 640.32164 640.35586 638.94694 641.32316 641.88573 635.33414 627.36502
628.39590 625.78622 618.73030 616.26103 621.35132 625.88287 628.50471 633.03100 633.29311 635.15797 633.64836 633.10434 633.19619 628.93452 619.18053
619.44414 616.88034 612.18502 608.56775 611.62039 617.55461 617.23737 627.95484 624.29202 627.25393 624.92035 626.28854 625.24932 619.44236 612.26681
726.08296 727.97815 732.47418 739.46605 744.09429 747.63492 749.52631 750.88814 748.37489 743.77863 737.23856 735.49243 735.01754 736.16356 741.50964
722.05211 723.79054 726.71682 733.20760 739.07651 741.17300 744.29131 743.09167 742.59580 738.57729 732.20231 731.53710 730.92905 731.02895 738.04711
720.16362 721.29050 725.01023 727.14136 733.05589 736.71331 739.05132 738.97232 737.24118 734.64714 730.42858 727.33511 726.91873 728.17510 736.49112
718.11211 718.37882 724.19118 726.62219 729.30578 733.04474 735.00628 736.05534 734.07668 733.20622 732.73686 724.06674 724.06894 726.03890 735.68045
717.25917 718.36147 720.19666 723.25331 728.93298 732.22939 734.30721 735.01335 735.90457 733.76414 729.65014 722.10693 722.30490 726.26898 732.85434
717.56531 716.12057 716.17977 719.43880 726.06693 730.60556 732.95901 734.86905 733.79055 730.45492 728.58826 722.57782 718.58109 724.42318 731.30243
717.62975 714.14894 714.35537 713.89668 721.76908 726.48540 729.35433 730.12380 728.56092 728.52995 726.47116 718.36109 716.16062 724.01173 728.92990
718.30203 713.31372 711.56701 712.49834 720.03432 724.33558 723.36034 726.91122 726.84863 726.98438 723.34284 714.89789 715.51669 720.10356 726.26414
717.47385 711.75234 709.18178 710.36180 718.12925 723.18512 723.42769 725.38439 725.36870 722.66988 720.81042 716.33108 714.81464 717.56624 726.51061
715.21615 710.59361 708.87267 705.55572 713.54547 718.79978 720.25672 722.32910 721.65982 720.05206 721.27796 717.50101 711.82990 713.78521 726.79533
713.36140 709.00108 708.47842 703.08495 710.86761 713.81341 715.52803 719.68113 720.16551 720.70756 720.62644 715.56001 710.08910 712.21554 723.51267
711.38608 709.23974 704.01624 701.50166 710.57682 712.61453 715.13857 719.39098 721.62133 718.57331 717.43229 714.95475 707.46229 708.66799 719.51012
710.57298 705.51038 699.69129 699.47715 707.52515 711.80858 715.18846 716.15050 717.61177 714.97838 715.09992 712.56230 705.34602 706.99707 714.93628
709.68262 702.15183 696.77295 696.04999 704.00127 707.72514 709.74576 713.86022 714.67326 713.17857 713.23365 709.87478 702.82349 703.63503 709.45966
706.67135 698.17940 692.99260 693.01892 701.65153 705.34031 707.88289 714.06603 712.99682 711.08118 708.16080 706.19972 701.95005 700.70162 704.14597
703.14250 696.20146 689.63852 689.77210 698.09859 701.47707 704.87761 709.05877 708.31200 705.75603 703.29681 705.32674 700.56059 698.24612 698.63488
697.15396 692.38542 683.33231 684.92354 691.94859 696.94655 699.15021 702.06634 702.24698 700.36946 700.28883 702.88581 698.33369 691.94762 690.99896
691.24221 687.17593 680.50510 680.38548 686.76423 692.15721 693.77006 695.11503 697.91763 697.67070 695.72694 697.90369 692.22042 686.73202 682.71251
684.29855 681.52481 675.56402 674.64253 679.88329 685.68025 685.98927 690.51572 694.63638 694.97237 691.50344 692.93637 687.65685 679.16378 675.11402
675.40616 674.98842 671.37597 669.93419 675.35653 681.07648 682.13904 685.08302 690.99145 688.87379 685.81152 683.20925 680.96835 671.95489 668.48029
666.86237 667.89357 665.94019 663.98103 670.48434 677.55929 675.97672 678.43793 683.34922 684.40748 679.25390 677.46343 672.42610 664.62928 659.73613
658.76166 658.67967 657.90738 658.57529 663.77771 670.40569 668.28938 671.39604 674.18467 675.09478 672.17545 668.41717 663.77798 656.66212 652.33611
649.87162 650.38622 650.34123 651.81120 656.78469 661.12380 662.44747 665.06112 666.45071 667.23678 664.91355 659.82913 655.47867 650.82859 644.59215
641.94675 641.27960 641.02222 642.97610 647.77508 651.97180 649.41744 658.87401 654.82008 657.69695 655.33198 651.23691 646.02769 642.61391 639.00943
