1.85022 2.04887 2.22044 2.35732 2.43893 2.54738 2.64309 2.71392 2.77713 2.80477 2.88790 2.74522 2.51751 2.29341 2.08245
1.74932 1.96619 2.10328 2.21452 2.28141 2.38511 2.47044 2.53000 2.56932 2.58913 2.64876 2.55733 2.37450 2.19064 2.00378
1.70727 1.92870 2.05772 2.14746 2.21741 2.30900 2.39549 2.45506 2.49217 2.51020 2.56124 2.48212 2.30412 2.14271 1.97560
1.68268 1.90315 2.02662 2.09585 2.15988 2.23991 2.30385 2.37113 2.40640 2.42214 2.45939 2.39965 2.23702 2.10392 1.93256
1.66278 1.86246 1.98742 2.04523 2.10489 2.18199 2.24644 2.29148 2.32656 2.33853 2.38096 2.32771 2.19227 2.05083 1.88947
1.63596 1.82973 1.95347 2.00882 2.05912 2.12870 2.19314 2.23130 2.26515 2.26539 2.30279 2.26182 2.13980 2.00317 1.83457
1.60902 1.79189 1.92057 1.97135 2.02731 2.08036 2.14452 2.18332 2.20672 2.20012 2.23698 2.20271 2.08949 1.95011 1.78034
1.57506 1.75868 1.88843 1.93690 1.98811 2.03758 2.10239 2.13692 2.16341 2.14963 2.17037 2.14894 2.04307 1.91743 1.73191
1.55123 1.73534 1.83963 1.89968 1.95189 2.00370 2.05776 2.09303 2.11935 2.10616 2.12196 2.09960 2.00537 1.88819 1.69134
1.53291 1.69661 1.80375 1.85989 1.92072 1.97105 2.02025 2.05819 2.06772 2.06041 2.07230 2.05184 1.96797 1.85496 1.65150
1.52391 1.65641 1.75232 1.82038 1.88759 1.93524 1.99005 2.03002 2.04197 2.02552 2.03182 2.01418 1.93273 1.80509 1.61566
1.50870 1.62220 1.71571 1.78497 1.85280 1.90969 1.96371 2.00412 2.01211 1.99646 1.99385 1.97478 1.90544 1.75637 1.59194
1.49069 1.59510 1.67457 1.74984 1.81871 1.88052 1.93892 1.97669 1.98471 1.96317 1.96135 1.94121 1.87414 1.72321 1.57693
1.47408 1.57103 1.64799 1.70613 1.78394 1.85532 1.91616 1.95003 1.96395 1.93495 1.92921 1.91136 1.84846 1.68847 1.54419
1.45260 1.55368 1.60842 1.66001 1.74614 1.84155 1.90300 1.92845 1.94173 1.91397 1.90045 1.87869 1.81182 1.66884 1.51700
1.44329 1.53034 1.58262 1.63191 1.72199 1.82724 1.88899 1.91502 1.91962 1.89928 1.87699 1.84475 1.77240 1.63156 1.50564
1.42866 1.51006 1.55438 1.60760 1.70530 1.81128 1.87816 1.90717 1.91107 1.88215 1.85619 1.81821 1.72777 1.61145 1.48268
1.41641 1.49093 1.53404 1.59585 1.68192 1.79895 1.86436 1.89575 1.89901 1.86716 1.83556 1.78713 1.70563 1.58507 1.47218
1.40477 1.47311 1.51489 1.57770 1.67726 1.78930 1.85452 1.88752 1.88789 1.85500 1.82508 1.76459 1.67119 1.56565 1.45191
1.39050 1.45159 1.49966 1.56514 1.66031 1.77925 1.84833 1.88549 1.87908 1.84956 1.81364 1.74424 1.64067 1.54548 1.43985
1.37998 1.43829 1.48844 1.55077 1.65571 1.76349 1.85186 1.88482 1.88321 1.83551 1.79814 1.71650 1.62179 1.53203 1.42782
1.36190 1.41405 1.47446 1.52657 1.63516 1.75928 1.85570 1.88834 1.88262 1.83475 1.77989 1.69034 1.59484 1.51813 1.41619
1.34285 1.39535 1.45330 1.51151 1.62057 1.75993 1.85272 1.87615 1.88190 1.83322 1.76574 1.67488 1.57706 1.49638 1.40006
1.32035 1.37502 1.43815 1.49390 1.60838 1.75078 1.85162 1.85981 1.88403 1.82699 1.76111 1.65086 1.55609 1.48054 1.38290
2.20539 2.44267 2.71736 2.98199 3.09398 3.25515 3.38890 3.48855 3.55315 3.58608 3.66054 3.51426 3.22454 2.85689 2.49429
2.13113 2.34986 2.55621 2.76862 2.90033 3.07370 3.21701 3.30339 3.35806 3.39699 3.47604 3.34915 3.07383 2.71868 2.40667
2.10313 2.30523 2.49462 2.63404 2.77286 2.96648 3.08924 3.18663 3.25412 3.27424 3.35109 3.24197 2.96199 2.62578 2.36858
2.08074 2.27122 2.44692 2.54667 2.65296 2.82917 2.95668 3.06536 3.11946 3.14310 3.20338 3.11745 2.83893 2.56650 2.31449
2.06341 2.23000 2.38871 2.48103 2.56733 2.68951 2.84341 2.94166 3.00734 3.02392 3.08259 3.00747 2.73598 2.48993 2.25997
2.04011 2.19545 2.34521 2.42145 2.49731 2.60002 2.71468 2.82091 2.90206 2.89748 2.96686 2.89408 2.63095 2.41057 2.20760
2.01569 2.16325 2.29950 2.37272 2.44960 2.53395 2.62439 2.69767 2.75160 2.74340 2.83482 2.76275 2.54737 2.33869 2.15885
1.98537 2.13514 2.25885 2.31982 2.39426 2.46755 2.56251 2.61233 2.65420 2.63823 2.68259 2.64820 2.47925 2.29516 2.11795
1.96474 2.11753 2.20632 2.27353 2.34365 2.41910 2.49454 2.54323 2.58905 2.57266 2.59509 2.56600 2.42152 2.25801 2.08491
1.94440 2.08733 2.17022 2.22556 2.30294 2.37149 2.44266 2.49429 2.51504 2.50659 2.51691 2.48811 2.36570 2.22163 2.05301
1.93507 2.05796 2.13205 2.18948 2.25855 2.32783 2.39637 2.45881 2.46843 2.45365 2.46034 2.43655 2.32274 2.17648 2.02247
1.92281 2.02930 2.10199 2.15488 2.21977 2.29078 2.36586 2.42201 2.42932 2.40633 2.40595 2.38147 2.28689 2.13849 1.99987
1.90579 2.00606 2.07377 2.12825 2.18774 2.25433 2.33274 2.38247 2.39289 2.36546 2.36298 2.33613 2.24747 2.10985 1.98424
1.88855 1.98355 2.05301 2.09841 2.15768 2.22516 2.30129 2.34696 2.36449 2.32808 2.31999 2.29688 2.21628 2.08450 1.95581
1.87024 1.96821 2.02056 2.06288 2.12981 2.20679 2.28806 2.31808 2.33518 2.29832 2.28134 2.25198 2.17353 2.06477 1.93097
1.86011 1.94694 1.99302 2.04111 2.11148 2.19342 2.26671 2.30239 2.30771 2.27862 2.25287 2.21225 2.13977 2.03810 1.91881
1.84656 1.92702 1.97015 2.01808 2.09733 2.18276 2.25625 2.29349 2.29785 2.25917 2.22519 2.18012 2.10711 2.02007 1.89817
1.83670 1.91117 1.95150 2.00893 2.08106 2.17204 2.24327 2.27892 2.28589 2.24402 2.20344 2.15349 2.08779 1.99248 1.88501
1.82633 1.89168 1.93456 1.99062 2.07405 2.16236 2.22786 2.26626 2.26874 2.22729 2.19022 2.12851 2.06161 1.97894 1.86763
1.81292 1.87493 1.91811 1.98232 2.06033 2.14972 2.21763 2.25930 2.25338 2.22648 2.17990 2.11609 2.03844 1.96427 1.85512
1.80379 1.86065 1.90293 1.96998 2.05878 2.13735 2.22036 2.25874 2.25911 2.20601 2.16163 2.09394 2.02039 1.94853 1.84406
1.78782 1.84314 1.89313 1.94823 2.04163 2.13249 2.22035 2.26148 2.25072 2.19811 2.14923 2.07626 2.00509 1.93215 1.83543
1.76850 1.82672 1.87894 1.93569 2.02877 2.13307 2.21691 2.23991 2.25387 2.20256 2.13387 2.06157 1.98473 1.91656 1.81675
1.74988 1.80606 1.85980 1.91938 2.01669 2.12485 2.21483 2.22795 2.24860 2.19125 2.12796 2.04858 1.97266 1.89420 1.80441
2.58278 2.97085 3.33809 3.59150 3.70466 3.89664 4.04189 4.12698 4.17473 4.20054 4.25857 4.13382 3.86107 3.47641 3.05620
2.50510 2.86856 3.19376 3.43480 3.55578 3.73131 3.91480 4.01404 4.05778 4.08587 4.14324 4.03612 3.74001 3.38305 2.97156
2.46803 2.80058 3.10341 3.31409 3.44745 3.61479 3.74834 3.88258 3.97110 3.98768 4.05106 3.93266 3.61716 3.29339 2.91437
2.43697 2.73490 3.02811 3.17892 3.32233 3.50250 3.61504 3.72826 3.79483 3.81907 3.90657 3.79578 3.50517 3.20744 2.82108
2.41104 2.67023 2.94745 3.08682 3.20835 3.38449 3.51278 3.60214 3.66954 3.67804 3.74932 3.65894 3.40947 3.10775 2.72118
2.38275 2.59959 2.87818 2.99272 3.11020 3.26547 3.40604 3.49432 3.55885 3.55454 3.61632 3.54146 3.29920 2.97572 2.63636
2.35071 2.55114 2.81193 2.91920 3.03406 3.16749 3.30098 3.39556 3.44448 3.43892 3.49343 3.43729 3.19561 2.85951 2.54531
2.31035 2.51096 2.72571 2.83709 2.94807 3.07035 3.21416 3.28281 3.34448 3.33165 3.37455 3.33249 3.09022 2.79211 2.48773
2.28585 2.48062 2.63048 2.75175 2.87247 2.99704 3.10748 3.17899 3.25023 3.22976 3.26246 3.21735 3.00449 2.72737 2.44195
2.25489 2.44015 2.55717 2.65014 2.80818 2.92570 3.02723 3.10264 3.13792 3.13134 3.14821 3.10800 2.92035 2.64886 2.39901
2.24555 2.40551 2.50499 2.58604 2.72773 2.85317 2.95450 3.04675 3.06189 3.04680 3.05511 3.01916 2.84731 2.57394 2.36124
2.23078 2.36817 2.46769 2.53886 2.64629 2.79772 2.90963 2.98293 3.00474 2.97433 2.97838 2.93905 2.78050 2.51782 2.33177
2.20922 2.33691 2.42327 2.49672 2.58780 2.71348 2.85754 2.92622 2.94696 2.91308 2.91229 2.86748 2.71904 2.47320 2.30460
2.18844 2.30883 2.39620 2.45636 2.53836 2.65050 2.80063 2.87600 2.90323 2.86169 2.85235 2.80456 2.64699 2.44191 2.27043
2.16584 2.28541 2.35997 2.41725 2.49875 2.61902 2.77395 2.82917 2.85485 2.80403 2.79097 2.72543 2.57528 2.41313 2.24366
2.15122 2.26404 2.32190 2.38715 2.47601 2.60063 2.73612 2.80625 2.81706 2.76505 2.73128 2.64609 2.52386 2.37679 2.22365
2.13902 2.23982 2.29786 2.35541 2.45814 2.58685 2.72342 2.79450 2.79965 2.73205 2.67737 2.58455 2.47620 2.35849 2.20356
2.12651 2.21929 2.26983 2.34482 2.43589 2.56722 2.70438 2.76827 2.78207 2.70130 2.63142 2.53569 2.44434 2.32657 2.18433
2.11322 2.19679 2.25332 2.31919 2.42488 2.54805 2.67014 2.73722 2.75549 2.67955 2.60534 2.50173 2.40917 2.30108 2.16141
2.09812 2.17860 2.23400 2.30653 2.40838 2.52457 2.63742 2.71533 2.72606 2.67177 2.58709 2.47985 2.37910 2.28632 2.14593
2.08791 2.15875 2.21645 2.29366 2.40283 2.50812 2.63261 2.70511 2.71440 2.63230 2.55445 2.45335 2.35422 2.26689 2.13335
2.06865 2.13748 2.20340 2.27093 2.38376 2.50081 2.62672 2.69782 2.70129 2.61475 2.53794 2.43184 2.33601 2.24513 2.12692
2.04949 2.11705 2.18701 2.25702 2.37025 2.50291 2.62326 2.65694 2.68347 2.61430 2.51170 2.41075 2.31622 2.23017 2.10213
2.03088 2.09476 2.16367 2.23553 2.35420 2.48844 2.61851 2.63851 2.67445 2.59015 2.49714 2.39495 2.30369 2.20231 2.09220
3.13187 3.54827 3.96396 4.17286 4.27332 4.41304 4.51650 4.59196 4.63869 4.65939 4.71823 4.59797 4.38188 4.07393 3.65034
3.07314 3.46861 3.85929 4.07432 4.17846 4.32150 4.44172 4.51351 4.55087 4.57788 4.63053 4.53169 4.31979 4.03239 3.59625
3.01620 3.39850 3.75022 3.98063 4.08879 4.22580 4.33571 4.42965 4.48092 4.48937 4.54294 4.45027 4.22636 3.96473 3.52545
2.97075 3.33764 3.65621 3.87151 3.98641 4.13099 4.23676 4.32217 4.37280 4.38397 4.43843 4.35583 4.12693 3.87240 3.42689
2.92763 3.26326 3.55523 3.73969 3.88880 4.04377 4.14767 4.22263 4.28450 4.28319 4.33569 4.25898 4.05727 3.75798 3.32777
2.88881 3.18904 3.47383 3.60549 3.76621 3.95166 4.06574 4.13062 4.18657 4.18265 4.22292 4.16496 3.96015 3.59059 3.22912
2.84318 3.12352 3.40457 3.51246 3.66049 3.86042 3.98046 4.04838 4.09609 4.08735 4.12799 4.07506 3.85908 3.46183 3.12481
2.78085 3.07189 3.30836 3.42498 3.55316 3.71822 3.90031 3.96616 4.01561 4.00112 4.03136 3.99821 3.74060 3.39185 3.04451
2.73931 3.02468 3.21986 3.33567 3.47235 3.60597 3.76895 3.87492 3.93162 3.91735 3.94314 3.89067 3.63115 3.32309 2.97735
2.68805 2.96820 3.13440 3.24900 3.39282 3.52322 3.65412 3.77000 3.82560 3.80638 3.84103 3.77450 3.52700 3.23915 2.91526
2.67072 2.91679 3.06119 3.15662 3.31405 3.43984 3.56908 3.67422 3.70847 3.69010 3.70335 3.64356 3.44501 3.15365 2.85822
2.65483 2.86418 3.00695 3.10695 3.23735 3.37317 3.49978 3.59892 3.62836 3.59551 3.59718 3.54782 3.36442 3.08610 2.81601
2.61984 2.81724 2.92913 3.04213 3.17364 3.29923 3.43825 3.52561 3.55800 3.51392 3.51418 3.46028 3.30680 3.01160 2.76461
2.58047 2.77690 2.88978 2.98476 3.10487 3.24030 3.38149 3.45767 3.49101 3.44820 3.43940 3.38992 3.22505 2.97194 2.71829
2.54425 2.74649 2.84475 2.92255 3.04792 3.19847 3.34163 3.40915 3.44162 3.37564 3.36292 3.30186 3.15232 2.92941 2.67111
2.51459 2.71290 2.79426 2.88421 3.01539 3.16750 3.30827 3.38104 3.38709 3.34023 3.29601 3.22580 3.09537 2.87844 2.64567
2.50038 2.68234 2.76488 2.84881 2.98793 3.13957 3.28146 3.35531 3.36355 3.30553 3.25652 3.16252 3.02887 2.84862 2.61532
2.47744 2.65018 2.72718 2.82097 2.96010 3.12048 3.24186 3.32334 3.33583 3.26483 3.20779 3.11209 2.96887 2.81040 2.57698
2.44951 2.61217 2.69941 2.79462 2.93652 3.09477 3.22259 3.27696 3.29903 3.24103 3.18040 3.06026 2.92364 2.77063 2.54344
2.43263 2.57187 2.67614 2.77361 2.91803 3.06782 3.18982 3.25189 3.26413 3.21357 3.14872 3.02326 2.87886 2.74686 2.52144
2.41183 2.53836 2.64264 2.75355 2.89744 3.04149 3.17502 3.24054 3.24724 3.18081 3.10724 2.99065 2.85288 2.71991 2.49081
2.38934 2.49498 2.61746 2.73241 2.87571 3.02624 3.16535 3.22363 3.23364 3.16818 3.07955 2.95885 2.82060 2.69489 2.48199
2.36293 2.45568 2.58507 2.70912 2.85256 3.02108 3.13554 3.17039 3.20746 3.15133 3.06024 2.93264 2.78960 2.66327 2.45004
2.34123 2.42094 2.54366 2.67846 2.83544 2.99102 3.12864 3.13096 3.18315 3.11743 3.03805 2.90350 2.76814 2.62028 2.43322
3.66001 4.07274 4.38491 4.57187 4.67246 4.84114 4.97373 5.04097 5.08657 5.09765 5.14875 5.04337 4.80658 4.48073 4.14755
3.60348 4.01753 4.30647 4.49142 4.58767 4.73113 4.89495 4.98127 5.01919 5.03161 5.07840 4.98404 4.73683 4.45068 4.11728
3.53485 3.96426 4.22752 4.40459 4.49843 4.63676 4.75814 4.88071 4.94807 4.95271 4.99909 4.89479 4.63117 4.39533 4.06035
3.47123 3.90545 4.16348 4.31064 4.41311 4.54322 4.64215 4.73069 4.79998 4.82035 4.89350 4.78308 4.54333 4.31982 3.97693
3.41827 3.83382 4.08757 4.21846 4.32808 4.45988 4.55997 4.62893 4.68004 4.68394 4.74011 4.66178 4.47848 4.22775 3.89184
3.36631 3.75103 4.02453 4.12781 4.23359 4.37932 4.48668 4.54728 4.59473 4.59127 4.62683 4.56987 4.38304 4.11281 3.78100
3.30511 3.67259 3.95537 4.04920 4.16665 4.29658 4.40282 4.47015 4.51386 4.50336 4.54316 4.49015 4.30065 4.01383 3.66944
3.22788 3.60349 3.87460 3.97568 4.08736 4.20825 4.33010 4.39435 4.44164 4.42342 4.45571 4.41918 4.21436 3.95129 3.57138
3.17528 3.53639 3.78739 3.90371 4.01871 4.13484 4.23898 4.31296 4.36509 4.34290 4.36447 4.32158 4.14102 3.88936 3.47746
3.11899 3.46778 3.68868 3.82611 3.94790 4.06375 4.16902 4.23739 4.27381 4.26336 4.27735 4.23159 4.06157 3.80786 3.40067
3.09230 3.39505 3.58621 3.72492 3.88590 4.00069 4.10250 4.17580 4.20744 4.18736 4.19623 4.15163 3.99274 3.70891 3.32757
3.08118 3.33101 3.50594 3.64144 3.81942 3.93511 4.05009 4.12008 4.14553 4.12757 4.12485 4.08101 3.92133 3.61667 3.27403
3.03958 3.27168 3.42631 3.54889 3.75005 3.86847 3.98626 4.05398 4.09092 4.05351 4.05893 4.00731 3.86476 3.52555 3.21092
2.99029 3.21805 3.36743 3.48755 3.65344 3.81748 3.93965 4.00241 4.02952 3.99069 3.99049 3.94376 3.78996 3.46879 3.15784
2.95702 3.18138 3.30597 3.40628 3.57144 3.78291 3.89919 3.96508 3.99563 3.93531 3.93213 3.86472 3.71318 3.41028 3.09935
2.92029 3.12488 3.24700 3.35755 3.52460 3.73784 3.87274 3.93700 3.94084 3.90557 3.87410 3.79935 3.63391 3.35785 3.07416
2.90303 3.08515 3.18971 3.30644 3.47990 3.68824 3.84096 3.91100 3.91884 3.86503 3.83543 3.72318 3.53997 3.31549 3.03583
2.87730 3.04264 3.14548 3.26743 3.45481 3.65451 3.80434 3.86350 3.89122 3.83184 3.78402 3.67642 3.45875 3.25536 2.99282
2.85061 3.00511 3.10155 3.24540 3.42064 3.63611 3.77736 3.81231 3.85140 3.80656 3.75495 3.60773 3.41042 3.21291 2.95595
2.83297 2.96241 3.06671 3.21268 3.39813 3.60709 3.72268 3.76244 3.79712 3.77545 3.71582 3.54702 3.35852 3.17095 2.93696
2.80884 2.93001 3.03034 3.18355 3.37239 3.55497 3.67676 3.71985 3.75891 3.74347 3.65920 3.49539 3.32011 3.13758 2.90182
2.78821 2.89546 3.00114 3.15677 3.33479 3.49919 3.62758 3.68843 3.71646 3.72061 3.61889 3.46225 3.28809 3.10848 2.88878
2.75524 2.85743 2.96688 3.11098 3.30742 3.47961 3.54670 3.56981 3.66864 3.68758 3.60364 3.42558 3.23523 3.05985 2.86386
2.72951 2.82135 2.93652 3.08244 3.28132 3.41142 3.50393 3.47167 3.59826 3.60860 3.57947 3.38710 3.21415 3.02386 2.84076
4.07112 4.41399 4.74426 4.94752 5.05015 5.16366 5.26432 5.34463 5.39363 5.40240 5.45546 5.34762 5.13631 4.85589 4.48596
4.03380 4.36677 4.65858 4.88651 4.97600 5.10220 5.20358 5.28053 5.32681 5.34023 5.39127 5.29132 5.09188 4.82480 4.46483
3.98041 4.31954 4.57438 4.79097 4.88893 5.01944 5.12402 5.19926 5.24532 5.25251 5.30429 5.20868 5.01131 4.76843 4.40957
3.93006 4.26285 4.50412 4.65237 4.79325 4.93337 5.03207 5.10662 5.14960 5.15889 5.20106 5.12637 4.93459 4.67588 4.32901
3.88413 4.20046 4.43165 4.55482 4.67510 4.85659 4.95352 5.01737 5.06543 5.06557 5.10153 5.03791 4.85597 4.56874 4.25752
3.83564 4.13155 4.37003 4.46823 4.57205 4.75317 4.88167 4.93920 4.98368 4.98027 5.00904 4.95366 4.75392 4.45589 4.16377
3.77410 4.07161 4.29645 4.39309 4.50623 4.63513 4.78999 4.86245 4.90785 4.89663 4.93013 4.87746 4.64809 4.36176 4.07787
3.70497 4.02319 4.23097 4.32170 4.43146 4.54586 4.68463 4.77763 4.84126 4.82202 4.84574 4.80444 4.55288 4.29893 4.00408
3.63737 3.97083 4.15073 4.25400 4.36430 4.47580 4.57766 4.65431 4.74030 4.70695 4.74929 4.67618 4.47680 4.24232 3.93237
3.57151 3.91623 4.07385 4.17832 4.29628 4.40800 4.50656 4.57377 4.61032 4.59383 4.60713 4.56666 4.39800 4.17292 3.86529
3.53515 3.85745 3.99989 4.10120 4.23479 4.34536 4.44015 4.50835 4.54247 4.52242 4.53012 4.49130 4.33832 4.09744 3.79436
3.51738 3.80411 3.94295 4.03551 4.17069 4.28907 4.39016 4.45425 4.48096 4.46159 4.45723 4.41695 4.27028 4.01876 3.73495
3.46111 3.74444 3.88892 3.99007 4.11187 4.22702 4.32830 4.38769 4.42393 4.39210 4.39691 4.34546 4.21033 3.96176 3.67338
3.40144 3.69093 3.83586 3.93538 4.05044 4.16417 4.27950 4.34250 4.36441 4.33278 4.33589 4.28993 4.15000 3.91368 3.61717
3.34841 3.65315 3.77493 3.87128 3.99867 4.13561 4.23716 4.30313 4.33109 4.28215 4.27424 4.21641 4.08725 3.86635 3.54708
3.29895 3.56690 3.71636 3.82082 3.95983 4.10184 4.21233 4.26558 4.27931 4.24346 4.21990 4.15431 4.02948 3.82646 3.50910
3.27746 3.51591 3.65716 3.77253 3.92760 4.06895 4.18006 4.23988 4.25280 4.20758 4.17573 4.08670 3.96827 3.77928 3.45313
3.24204 3.45642 3.60612 3.74097 3.90477 4.03720 4.14738 4.20651 4.22739 4.17452 4.13255 4.05840 3.91622 3.72421 3.39554
3.21150 3.39798 3.53766 3.71353 3.87456 4.01466 4.12131 4.16947 4.19200 4.14801 4.10742 4.01231 3.86954 3.67923 3.35093
3.18841 3.34518 3.48433 3.68991 3.84619 3.98978 4.07833 4.13088 4.15065 4.12523 4.07738 3.97457 3.82361 3.62796 3.32248
3.15791 3.30766 3.43660 3.65143 3.82481 3.95904 4.06097 4.11359 4.12087 4.09032 4.03781 3.93266 3.78771 3.58500 3.27708
3.13167 3.25624 3.38564 3.61344 3.78878 3.92930 4.03545 4.09049 4.09869 4.06754 4.00956 3.90857 3.75642 3.54399 3.25230
3.08976 3.21220 3.34462 3.54816 3.75515 3.91772 4.00027 4.03341 4.07432 4.04772 3.98799 3.88015 3.70684 3.47558 3.22447
3.04706 3.16873 3.30778 3.51047 3.72581 3.87436 3.98978 3.98666 4.04369 4.01228 3.96497 3.84083 3.67926 3.43103 3.18922
4.35308 4.72429 5.01417 5.19621 5.30220 5.41698 5.51962 5.60389 5.65876 5.67347 5.78500 5.61784 5.39218 5.10968 4.80737
4.31813 4.67127 4.95617 5.12793 5.22086 5.35799 5.45778 5.53470 5.57700 5.59520 5.66968 5.54889 5.34900 5.08142 4.78896
4.26629 4.61499 4.89240 5.04406 5.12948 5.26836 5.37562 5.45054 5.49922 5.50793 5.55716 5.46617 5.26610 5.03373 4.72176
4.22315 4.54812 4.82864 4.95407 5.04786 5.17489 5.27923 5.35715 5.40175 5.40998 5.45388 5.38204 5.17959 4.96159 4.62785
4.17578 4.47383 4.76069 4.87726 4.96720 5.09476 5.19752 5.26675 5.32176 5.32000 5.35709 5.29462 5.09639 4.88343 4.54598
4.12890 4.40236 4.68944 4.80396 4.89497 5.01582 5.11543 5.17938 5.22924 5.22714 5.26155 5.19401 5.01630 4.78126 4.44005
4.07217 4.34220 4.58434 4.72383 4.83406 4.94416 5.03889 5.09820 5.14345 5.13207 5.16642 5.11275 4.93674 4.65934 4.35660
4.02011 4.30425 4.49653 4.61650 4.76226 4.86983 4.96878 5.02544 5.07774 5.05878 5.08037 5.04246 4.87235 4.58474 4.29054
3.96032 4.25941 4.41964 4.51768 4.67738 4.80591 4.89403 4.95205 4.99953 4.98110 5.00253 4.95686 4.79736 4.51753 4.22476
3.91051 4.20065 4.34977 4.43969 4.58806 4.74073 4.82993 4.88824 4.91663 4.90828 4.92046 4.88116 4.70665 4.44046 4.16126
3.87864 4.15131 4.27436 4.37675 4.49447 4.65363 4.76863 4.83120 4.86018 4.84427 4.85675 4.81716 4.64149 4.37270 4.09249
3.85210 4.09270 4.22315 4.31139 4.43454 4.56732 4.70639 4.77405 4.80458 4.78688 4.78517 4.74149 4.55018 4.29899 4.03888
3.81111 4.03531 4.17652 4.27123 4.38168 4.49423 4.62134 4.70688 4.74064 4.71517 4.72494 4.64912 4.47574 4.24376 3.98775
3.77391 3.99137 4.13081 4.21904 4.32976 4.42779 4.54928 4.63850 4.66406 4.64264 4.65042 4.56925 4.41830 4.20087 3.94138
3.72472 3.94491 4.05993 4.15845 4.27657 4.39839 4.49822 4.57724 4.61490 4.55451 4.55541 4.48154 4.35839 4.15343 3.88970
3.69201 3.88905 4.00570 4.10601 4.23823 4.36237 4.46027 4.51857 4.55547 4.50192 4.47817 4.41777 4.31092 4.11016 3.85169
3.66594 3.84730 3.94568 4.05707 4.20641 4.32735 4.42196 4.47756 4.50434 4.46122 4.43034 4.35809 4.25050 4.06554 3.80556
3.62820 3.80743 3.90533 4.02576 4.17819 4.29603 4.38431 4.44040 4.46212 4.41867 4.39148 4.32467 4.20235 4.01826 3.76338
3.59467 3.76484 3.86106 3.99205 4.15120 4.26953 4.35634 4.41020 4.42593 4.38587 4.36401 4.28447 4.14702 3.97239 3.73154
3.57466 3.71667 3.82688 3.97282 4.11908 4.24497 4.31981 4.37425 4.38642 4.36247 4.33316 4.24985 4.10303 3.92884 3.70075
3.53289 3.68627 3.78847 3.93451 4.09576 4.20876 4.30956 4.36151 4.36136 4.33053 4.29754 4.21284 4.06725 3.89875 3.66632
3.49078 3.63397 3.75053 3.89954 4.05610 4.18187 4.28753 4.33632 4.34364 4.30406 4.26890 4.18507 4.03065 3.86983 3.63389
3.44415 3.59417 3.72268 3.85993 4.02028 4.16688 4.25002 4.28282 4.31847 4.29051 4.24107 4.15028 3.99293 3.82085 3.60961
3.38235 3.54549 3.68582 3.82751 3.98825 4.13499 4.24157 4.23992 4.29254 4.26200 4.21760 4.11759 3.96068 3.78583 3.56687
4.66137 4.97000 5.24401 5.43095 5.53363 5.71775 5.84368 5.92516 5.96949 5.98076 6.04048 5.92144 5.67615 5.34847 5.04149
4.62413 4.92885 5.18714 5.36366 5.45113 5.61604 5.77404 5.85625 5.89663 5.91432 5.96429 5.86533 5.60954 5.31937 5.02356
4.55924 4.88212 5.11517 5.27642 5.35711 5.49248 5.64617 5.76351 5.81733 5.82919 5.87285 5.77217 5.49898 5.26057 4.96905
4.51072 4.83350 5.04386 5.17756 5.27617 5.40328 5.50045 5.59978 5.68580 5.69947 5.76387 5.65003 5.40499 5.18741 4.89463
4.45123 4.77668 4.98445 5.09022 5.19095 5.32066 5.41737 5.48285 5.53987 5.54483 5.60588 5.52803 5.32334 5.10407 4.83053
4.39697 4.71940 4.92219 5.01696 5.10855 5.24302 5.33601 5.39955 5.44474 5.44561 5.47965 5.41641 5.24447 5.01063 4.75023
4.33549 4.65052 4.85744 4.94762 5.04542 5.16100 5.26134 5.31745 5.36321 5.35470 5.38876 5.34009 5.15830 4.90972 4.66690
4.28311 4.60048 4.79402 4.87509 4.97445 5.07930 5.18196 5.24333 5.29342 5.27738 5.29726 5.25924 5.08971 4.85481 4.58344
4.22409 4.55016 4.72805 4.81216 4.90764 5.01216 5.10010 5.16650 5.21390 5.19996 5.21918 5.17318 5.01158 4.80369 4.50110
4.18681 4.47166 4.65971 4.74462 4.85314 4.95307 5.03202 5.09038 5.12595 5.12355 5.13839 5.09499 4.94017 4.74615 4.43116
4.15156 4.40829 4.57726 4.68635 4.79024 4.88391 4.97498 5.03258 5.06537 5.04801 5.06755 5.02594 4.88507 4.68408 4.35370
4.12571 4.34311 4.50674 4.61776 4.74027 4.82955 4.91259 4.97521 5.00491 4.98892 4.99352 4.95336 4.82013 4.60073 4.30021
4.08460 4.28781 4.42865 4.55704 4.68528 4.78431 4.85935 4.91766 4.94327 4.92420 4.93282 4.88099 4.76889 4.53083 4.24626
4.04659 4.25203 4.37432 4.48127 4.62898 4.72679 4.80645 4.86186 4.88189 4.86999 4.87463 4.82983 4.71962 4.48134 4.20844
4.00007 4.20671 4.30567 4.40255 4.56204 4.69497 4.77072 4.81553 4.84162 4.81806 4.82044 4.77081 4.66487 4.41739 4.15594
3.97083 4.16343 4.25899 4.34585 4.51357 4.65863 4.74249 4.78093 4.80031 4.77568 4.76942 4.71412 4.60797 4.36665 4.11888
3.94814 4.11389 4.20230 4.30205 4.46872 4.62158 4.70764 4.75331 4.76738 4.74187 4.72859 4.66620 4.53605 4.31454 4.07372
3.90712 4.07392 4.16345 4.26736 4.42031 4.58592 4.66816 4.71499 4.73357 4.70766 4.68849 4.62010 4.46300 4.26867 4.03853
3.87600 4.03639 4.12062 4.23666 4.38654 4.55228 4.63629 4.68337 4.70120 4.67167 4.66260 4.57786 4.39319 4.22263 4.00441
3.86066 3.98408 4.08529 4.21185 4.35205 4.51762 4.60249 4.65368 4.66264 4.64312 4.63051 4.53893 4.34051 4.18702 3.97078
3.82778 3.95114 4.04920 4.18021 4.32666 4.45274 4.58784 4.63443 4.64216 4.61442 4.59369 4.48212 4.30622 4.15998 3.94974
3.79017 3.90383 4.01636 4.14859 4.27777 4.42206 4.56646 4.61107 4.62414 4.58803 4.56028 4.44759 4.27158 4.12894 3.91372
3.75321 3.86429 3.97986 4.11034 4.24643 4.39384 4.51119 4.54978 4.59333 4.57075 4.51570 4.39172 4.23479 4.08299 3.89271
3.70755 3.81373 3.94553 4.07781 4.21447 4.35690 4.49301 4.49297 4.56727 4.53100 4.48701 4.35671 4.19730 4.05307 3.86268
1.71511 1.88766 2.02620 2.13973 2.11898 2.09712 2.06269 2.03617 2.00779 1.96929 1.93166 1.86875 1.74071 1.55225 1.37594
1.60702 1.79267 1.91478 2.02053 2.00188 1.98584 1.95757 1.93107 1.91365 1.87679 1.84046 1.78706 1.64769 1.44477 1.28035
1.54592 1.75396 1.86479 1.96634 1.94463 1.93107 1.91103 1.89225 1.86693 1.83765 1.79208 1.74754 1.58380 1.41450 1.24359
1.49818 1.70591 1.81775 1.90917 1.89429 1.89017 1.86818 1.85103 1.81851 1.78749 1.73694 1.69973 1.54192 1.38621 1.20882
1.44530 1.66150 1.77606 1.85881 1.85140 1.84536 1.82506 1.79830 1.77220 1.74297 1.68496 1.64871 1.50649 1.34911 1.17114
1.41000 1.60343 1.74050 1.82209 1.80431 1.79042 1.77694 1.75328 1.72730 1.69478 1.62634 1.58362 1.45675 1.30966 1.13858
1.36542 1.54420 1.69946 1.77779 1.75549 1.74759 1.73547 1.71038 1.68409 1.64140 1.55864 1.51625 1.42381 1.27042 1.09903
1.32365 1.49350 1.66081 1.74102 1.71043 1.69890 1.69772 1.66876 1.64100 1.58196 1.48992 1.45012 1.38708 1.24606 1.06318
1.28275 1.45112 1.60930 1.69829 1.67269 1.66631 1.65184 1.62422 1.58843 1.51665 1.44347 1.40110 1.35979 1.22703 1.03816
1.24955 1.40318 1.55028 1.65220 1.62260 1.61386 1.60601 1.57183 1.51792 1.45978 1.40371 1.36200 1.32283 1.20218 1.00562
1.22271 1.36047 1.49385 1.60326 1.56879 1.56003 1.56056 1.52514 1.47777 1.42297 1.37421 1.31950 1.28497 1.17003 0.98215
1.19169 1.32263 1.44266 1.56076 1.50910 1.51064 1.51827 1.49784 1.44422 1.38416 1.33721 1.27979 1.24985 1.14688 0.96572
1.14895 1.29077 1.40939 1.49810 1.45781 1.46191 1.48970 1.46093 1.41290 1.35148 1.30636 1.24357 1.21207 1.12074 0.95145
1.11313 1.26337 1.37102 1.43752 1.40885 1.42387 1.44359 1.42971 1.38221 1.32126 1.26883 1.19467 1.17414 1.09277 0.93219
1.08700 1.23442 1.33781 1.38713 1.37077 1.40062 1.42900 1.39733 1.36141 1.30273 1.23409 1.17008 1.14221 1.07437 0.90432
1.05456 1.20685 1.30485 1.35618 1.34290 1.37795 1.40647 1.37637 1.34435 1.28363 1.21613 1.13539 1.09946 1.04674 0.89567
1.02922 1.17347 1.27146 1.31824 1.32904 1.36178 1.38549 1.36290 1.32877 1.26576 1.18531 1.10970 1.06338 1.00910 0.88181
0.99920 1.14514 1.23726 1.29526 1.31070 1.34152 1.36701 1.36000 1.31410 1.25733 1.16546 1.08567 1.03248 0.98737 0.87008
0.97792 1.11747 1.20730 1.27394 1.29112 1.32530 1.36189 1.35079 1.30162 1.23937 1.16223 1.07198 0.99433 0.95638 0.85522
0.96357 1.09012 1.18539 1.24923 1.27352 1.31209 1.35304 1.35281 1.29409 1.22782 1.14304 1.05788 0.97769 0.93130 0.84450
0.94194 1.07587 1.16082 1.22287 1.26561 1.29928 1.36594 1.36281 1.30677 1.21653 1.12002 1.02932 0.94914 0.91442 0.83250
0.91248 1.04724 1.13080 1.20234 1.24453 1.30274 1.37126 1.36370 1.30334 1.21781 1.11272 1.01100 0.93373 0.88486 0.80812
0.89789 1.01687 1.10972 1.17754 1.23451 1.30149 1.36487 1.33281 1.30200 1.21582 1.10255 0.99295 0.91292 0.85462 0.78995
0.86546 0.99125 1.08670 1.15690 1.22068 1.30020 1.37276 1.32018 1.29223 1.20483 1.09534 0.97017 0.88942 0.82504 0.76732
2.03056 2.22701 2.39632 2.53633 2.51305 2.48880 2.44741 2.41431 2.38039 2.33324 2.28925 2.20539 2.05866 1.91069 1.76659
1.95834 2.13544 2.28427 2.41856 2.39415 2.37774 2.34764 2.31736 2.29080 2.25037 2.20106 2.13112 1.98791 1.85277 1.70920
1.91945 2.09578 2.22784 2.35459 2.32917 2.31238 2.29245 2.27315 2.24097 2.20118 2.14483 2.08930 1.95168 1.82751 1.68249
1.88389 2.04263 2.17142 2.28414 2.27047 2.26664 2.24935 2.22060 2.18404 2.14320 2.07698 2.03867 1.92069 1.80253 1.65599
1.84511 1.99495 2.12708 2.22814 2.21774 2.21025 2.19058 2.15780 2.12552 2.08610 2.02232 1.98853 1.89515 1.76765 1.62485
1.81727 1.94823 2.08776 2.18604 2.16474 2.15229 2.13517 2.10771 2.07812 2.03777 1.97228 1.94281 1.85773 1.73593 1.59421
1.77879 1.90513 2.03681 2.13786 2.11116 2.09894 2.09056 2.05809 2.03009 1.98902 1.93408 1.90289 1.83655 1.70667 1.56449
1.74621 1.87522 1.99222 2.09119 2.05825 2.04772 2.04652 2.01114 1.99004 1.94556 1.89004 1.85691 1.80693 1.68636 1.52383
1.71097 1.84706 1.94281 2.03601 2.01055 2.00674 1.99298 1.96915 1.94786 1.90403 1.85547 1.81806 1.77798 1.67236 1.49543
1.68551 1.81176 1.90487 1.98061 1.95811 1.95629 1.95297 1.93744 1.90364 1.87034 1.82046 1.78313 1.74821 1.65283 1.46161
1.66501 1.77796 1.87325 1.93834 1.92315 1.92106 1.92396 1.90690 1.87999 1.83931 1.79235 1.74317 1.71631 1.62717 1.43590
1.64017 1.74425 1.83958 1.90841 1.88909 1.89238 1.90084 1.88913 1.85358 1.80699 1.76042 1.71299 1.69123 1.61050 1.42386
1.61218 1.72046 1.81661 1.87323 1.85468 1.86442 1.88013 1.86285 1.82992 1.77758 1.73420 1.68314 1.66222 1.58954 1.41182
1.58310 1.69890 1.78793 1.83615 1.82654 1.83913 1.84940 1.83947 1.80633 1.75319 1.70732 1.64857 1.63167 1.56627 1.39854
1.56254 1.67847 1.76179 1.80550 1.79539 1.81820 1.83879 1.81885 1.78899 1.73829 1.68001 1.63091 1.61232 1.55567 1.36324
1.53261 1.65430 1.73063 1.77620 1.77255 1.80301 1.82403 1.80138 1.77381 1.72612 1.66765 1.60476 1.57916 1.53688 1.35610
1.50766 1.63261 1.70278 1.74554 1.75901 1.78869 1.81136 1.79295 1.76386 1.71099 1.64518 1.58920 1.55108 1.50222 1.34180
1.48385 1.61054 1.67755 1.72431 1.74343 1.77128 1.79691 1.78606 1.75069 1.69905 1.63150 1.57395 1.52463 1.47942 1.33057
1.46026 1.59294 1.65662 1.70788 1.72604 1.76048 1.78511 1.77449 1.73674 1.69349 1.62807 1.55590 1.49252 1.43956 1.32018
1.44379 1.57316 1.63984 1.68985 1.71664 1.75233 1.77353 1.76573 1.72764 1.67980 1.61638 1.54717 1.47020 1.41209 1.30220
1.42321 1.55702 1.62034 1.66853 1.70665 1.73495 1.77653 1.77073 1.73159 1.66725 1.60333 1.53012 1.44183 1.38739 1.29443
1.38984 1.53532 1.59758 1.65618 1.69243 1.73766 1.77136 1.76880 1.72841 1.66781 1.59509 1.51585 1.41949 1.35114 1.27157
1.37400 1.51239 1.58231 1.64166 1.68345 1.72865 1.76528 1.75060 1.72895 1.67042 1.58700 1.49804 1.39674 1.31667 1.25714
1.33981 1.49085 1.56776 1.62342 1.67432 1.72308 1.77030 1.73800 1.72195 1.66098 1.57776 1.48015 1.36699 1.28566 1.23530
2.33406 2.59743 2.82853 2.98945 2.96473 2.93332 2.89308 2.85319 2.81955 2.76221 2.71272 2.56467 2.37549 2.19597 2.03349
2.26927 2.49069 2.73115 2.88543 2.85853 2.84014 2.80853 2.77446 2.74260 2.68458 2.60092 2.48336 2.31520 2.14974 1.98714
2.22573 2.43190 2.65994 2.80939 2.78273 2.76666 2.74623 2.72154 2.68049 2.60551 2.49650 2.42850 2.27498 2.12391 1.95581
2.18448 2.37086 2.56521 2.73697 2.72071 2.70726 2.69254 2.64697 2.57278 2.48728 2.41261 2.37138 2.23385 2.09851 1.92939
2.14703 2.31969 2.48460 2.66567 2.65103 2.63347 2.59513 2.52617 2.46901 2.41679 2.35723 2.31647 2.20676 2.05918 1.89893
2.11354 2.26461 2.42692 2.59610 2.54820 2.51959 2.49106 2.44751 2.41261 2.37489 2.30086 2.26110 2.16500 2.02470 1.87098
2.06895 2.21968 2.36176 2.49999 2.45347 2.43813 2.42966 2.39657 2.37163 2.32347 2.25055 2.21980 2.14104 1.99043 1.84699
2.03276 2.18488 2.31378 2.42550 2.39211 2.38389 2.38553 2.34767 2.32778 2.27469 2.20107 2.16852 2.11040 1.96932 1.82050
1.99347 2.15140 2.26793 2.36504 2.33640 2.33783 2.32971 2.30337 2.27814 2.22614 2.16337 2.12512 2.07129 1.95458 1.80047
1.96291 2.10870 2.22122 2.30723 2.28545 2.28940 2.28669 2.26785 2.22980 2.18856 2.12938 2.08159 2.04356 1.93498 1.77959
1.93909 2.07065 2.18027 2.26534 2.25440 2.25099 2.25374 2.22991 2.19855 2.15019 2.09389 2.03793 2.00426 1.90025 1.76221
1.91336 2.03497 2.14689 2.22639 2.21028 2.21604 2.22293 2.20891 2.16782 2.11735 2.06030 2.00570 1.97632 1.88401 1.75085
1.88301 2.00932 2.11618 2.18724 2.17029 2.17970 2.19467 2.17659 2.13994 2.08208 2.03248 1.96706 1.94094 1.86278 1.74223
1.85386 1.98228 2.08457 2.14286 2.13679 2.14997 2.16368 2.14930 2.11407 2.05527 2.00419 1.93183 1.90616 1.84424 1.73357
1.83339 1.96121 2.05841 2.10971 2.10043 2.12542 2.14667 2.12573 2.09213 2.03689 1.97485 1.90462 1.88589 1.82972 1.71383
1.81160 1.93147 2.02204 2.07176 2.07342 2.10668 2.13416 2.10891 2.07587 2.02287 1.95636 1.87918 1.85214 1.81420 1.70390
1.79502 1.90937 1.99187 2.04368 2.05879 2.09119 2.11972 2.10172 2.06376 2.00503 1.93016 1.86378 1.82626 1.79143 1.69517
1.78104 1.88974 1.96659 2.02030 2.04099 2.07534 2.10195 2.08619 2.04941 1.99104 1.91502 1.85112 1.79909 1.77075 1.68776
1.76301 1.87081 1.94255 1.99765 2.02118 2.06156 2.08555 2.07331 2.03435 1.98621 1.91322 1.82907 1.77876 1.75252 1.68062
1.74926 1.84771 1.92163 1.98349 2.01347 2.05382 2.07081 2.06286 2.02511 1.97334 1.90175 1.82141 1.76260 1.73410 1.67059
1.73723 1.83106 1.90136 1.96236 2.00250 2.03528 2.06992 2.06239 2.02368 1.96119 1.88824 1.81085 1.75023 1.71984 1.66527
1.71915 1.81091 1.87970 1.94293 1.99052 2.03557 2.06858 2.05876 2.01843 1.95892 1.87691 1.79876 1.73646 1.70384 1.65472
1.70816 1.79272 1.85837 1.92970 1.97845 2.02225 2.05535 2.03175 2.01215 1.95720 1.86945 1.78406 1.72382 1.68170 1.64189
1.69202 1.77597 1.84208 1.90660 1.96999 2.01447 2.05619 2.01570 2.00480 1.94843 1.86197 1.77275 1.70806 1.66569 1.62484
2.73989 2.99704 3.25136 3.47874 3.44875 3.40200 3.33585 3.28319 3.23816 3.15401 3.09294 2.96851 2.79065 2.58576 2.33444
2.69098 2.92205 3.14425 3.36112 3.32069 3.29463 3.24316 3.19902 3.15214 3.08888 3.01486 2.92606 2.74434 2.54429 2.29113
2.64243 2.86802 3.06589 3.25471 3.21578 3.19110 3.16427 3.12741 3.08099 3.01774 2.93930 2.87352 2.69948 2.50413 2.25770
2.59455 2.80564 2.98071 3.14687 3.12727 3.10545 3.08837 3.04993 3.00334 2.93447 2.85533 2.80548 2.65580 2.46633 2.22851
2.54278 2.74483 2.91479 3.06142 3.04177 3.03152 3.01027 2.97061 2.92528 2.86219 2.78973 2.74379 2.62110 2.39999 2.19729
2.49239 2.68913 2.85846 2.99572 2.96508 2.95949 2.93713 2.89507 2.86406 2.81483 2.72125 2.68586 2.57424 2.34351 2.16539
2.42143 2.64080 2.79576 2.92818 2.89951 2.88962 2.87932 2.84096 2.81070 2.75246 2.67128 2.64019 2.54217 2.29870 2.14015
2.35839 2.59939 2.73845 2.86377 2.83112 2.82718 2.82725 2.78304 2.75691 2.70487 2.62392 2.58777 2.50265 2.27204 2.11114
2.30820 2.56126 2.69171 2.79797 2.76216 2.76248 2.75729 2.73089 2.70077 2.65538 2.58012 2.53004 2.43218 2.25340 2.08843
2.26688 2.50818 2.63806 2.73410 2.71335 2.71247 2.71254 2.69062 2.65503 2.61225 2.53609 2.46310 2.38352 2.23390 2.06758
2.23307 2.43859 2.59228 2.68774 2.67218 2.67055 2.67624 2.65511 2.62114 2.57031 2.48242 2.38014 2.31622 2.20153 2.04809
2.20919 2.38010 2.55946 2.64527 2.63110 2.63918 2.64711 2.62999 2.58449 2.52748 2.41982 2.30774 2.27524 2.18086 2.03560
2.17755 2.33816 2.52351 2.60283 2.59491 2.60191 2.61445 2.59353 2.55485 2.48519 2.36445 2.26658 2.23731 2.15911 2.02691
2.15317 2.29857 2.47900 2.55624 2.55482 2.56219 2.58045 2.56439 2.52458 2.42730 2.31668 2.23265 2.20147 2.13989 2.01359
2.12943 2.26904 2.44121 2.51270 2.51294 2.53719 2.56283 2.53610 2.48305 2.38038 2.28010 2.20329 2.18163 2.12728 1.99745
2.10231 2.22987 2.38102 2.46301 2.47910 2.51564 2.54371 2.51809 2.46560 2.36151 2.25863 2.17951 2.15074 2.10710 1.98206
2.08451 2.20411 2.32144 2.42073 2.45815 2.48997 2.52464 2.50486 2.45105 2.35129 2.23437 2.16096 2.12546 2.07996 1.97236
2.06579 2.18131 2.27858 2.38677 2.43256 2.47730 2.50970 2.49469 2.43742 2.33779 2.21779 2.14941 2.09328 2.05654 1.96577
2.04792 2.16157 2.24042 2.33759 2.39366 2.45449 2.49833 2.47289 2.42445 2.32465 2.21780 2.12865 2.06838 2.04039 1.95947
2.03381 2.13678 2.21800 2.31014 2.37574 2.44623 2.47759 2.45843 2.39745 2.30977 2.20242 2.11964 2.05270 2.01776 1.94806
2.02039 2.12439 2.19266 2.27820 2.35950 2.42834 2.46222 2.45000 2.39444 2.28844 2.18602 2.10824 2.03700 2.00557 1.94117
2.00188 2.10087 2.17229 2.25364 2.33612 2.42177 2.45868 2.43740 2.37564 2.28291 2.17022 2.09469 2.02223 1.98402 1.93175
1.98625 2.08454 2.14936 2.23164 2.32614 2.40945 2.44500 2.40439 2.36537 2.27175 2.16161 2.07944 2.00481 1.96137 1.91691
1.96869 2.06371 2.13504 2.20196 2.31066 2.38150 2.43327 2.36772 2.35696 2.26243 2.15126 2.06625 1.98784 1.94507 1.90229
3.04513 3.38801 3.76753 4.00874 3.98520 3.94102 3.87260 3.82695 3.76962 3.63700 3.51484 3.34393 3.11002 2.86865 2.67304
2.99721 3.30366 3.64208 3.91181 3.87398 3.84810 3.79568 3.74611 3.67129 3.54400 3.41639 3.31006 3.05880 2.84249 2.64545
2.94046 3.22572 3.51662 3.79660 3.75831 3.72889 3.67783 3.61450 3.52767 3.41157 3.31781 3.23734 3.00228 2.80508 2.61486
2.88888 3.13608 3.38452 3.64945 3.61685 3.58320 3.53019 3.45184 3.39426 3.31366 3.21722 3.14316 2.95363 2.77496 2.57683
2.83737 3.06676 3.28693 3.51701 3.46923 3.44106 3.40437 3.35945 3.29664 3.22182 3.11396 3.06345 2.91197 2.72984 2.54361
2.79350 2.99801 3.20659 3.40184 3.36104 3.34824 3.31692 3.26079 3.21922 3.14894 3.03179 2.98756 2.86084 2.68198 2.50904
2.73996 2.93397 3.13694 3.29911 3.26238 3.25362 3.23468 3.18316 3.13974 3.07038 2.96923 2.92394 2.82883 2.63980 2.48268
2.68991 2.88308 3.06179 3.20604 3.16585 3.16401 3.15399 3.10582 3.07915 3.00808 2.91097 2.86781 2.79328 2.61904 2.44921
2.65119 2.84077 2.99457 3.13126 3.09413 3.09003 3.08043 3.05051 3.01096 2.94861 2.85821 2.81025 2.74333 2.60383 2.41824
2.61228 2.79037 2.93049 3.05236 3.02858 3.02957 3.02124 2.99417 2.94542 2.89452 2.81531 2.75637 2.69910 2.58143 2.38211
2.58114 2.73948 2.87595 2.99428 2.96846 2.97136 2.97218 2.94768 2.90437 2.84625 2.77620 2.70182 2.66321 2.55172 2.34924
2.55497 2.69921 2.83425 2.93494 2.92272 2.92935 2.93412 2.91439 2.86383 2.80148 2.72884 2.66132 2.62732 2.52330 2.33672
2.52035 2.66347 2.79568 2.88307 2.87566 2.88390 2.89546 2.87068 2.82915 2.76173 2.69243 2.62133 2.58625 2.50222 2.33408
2.49237 2.63220 2.75313 2.83034 2.82652 2.83638 2.85995 2.83284 2.79014 2.72508 2.66378 2.58249 2.55366 2.47883 2.30976
2.46527 2.60813 2.72378 2.78107 2.78459 2.80897 2.83308 2.80035 2.76453 2.69871 2.63262 2.55236 2.52724 2.46522 2.29259
2.43695 2.57495 2.68012 2.74161 2.75194 2.78475 2.80697 2.78748 2.74366 2.68058 2.61219 2.52794 2.48891 2.44247 2.27040
2.41451 2.54945 2.64718 2.70784 2.73434 2.76218 2.79009 2.76472 2.72532 2.66502 2.59263 2.50226 2.45729 2.41875 2.25649
2.39422 2.52423 2.61401 2.67764 2.70736 2.74537 2.77079 2.74800 2.70562 2.65201 2.56822 2.48801 2.43138 2.39439 2.24833
2.37152 2.50151 2.58662 2.65724 2.68590 2.72450 2.75184 2.70810 2.68618 2.63090 2.56280 2.46789 2.40403 2.37110 2.23842
2.35910 2.47873 2.55970 2.63183 2.67543 2.71570 2.71839 2.68582 2.65486 2.61936 2.54384 2.46021 2.39110 2.34689 2.22808
2.33857 2.46199 2.53802 2.60966 2.66296 2.69502 2.68905 2.66050 2.63214 2.60191 2.52702 2.44680 2.37161 2.32402 2.21789
2.31692 2.44008 2.51191 2.59089 2.63548 2.67409 2.66701 2.63246 2.60723 2.58831 2.51400 2.42946 2.34946 2.29886 2.20002
2.29210 2.41872 2.49570 2.57143 2.62340 2.65327 2.63473 2.59358 2.58478 2.56929 2.50299 2.41766 2.32693 2.25986 2.18089
2.26559 2.39664 2.47722 2.55511 2.60796 2.62152 2.61329 2.54680 2.56150 2.54826 2.49184 2.40127 2.30746 2.22547 2.15544
3.39618 3.82718 4.15293 4.36455 4.34348 4.29637 4.23578 4.19073 4.13664 4.03994 3.97829 3.79629 3.48380 3.15429 2.92564
3.33370 3.75555 4.05858 4.28215 4.24569 4.21804 4.16964 4.13132 4.06543 3.98630 3.89010 3.75976 3.41371 3.12961 2.89353
3.25165 3.65876 3.94767 4.18336 4.14670 4.11293 4.07954 4.03208 3.97836 3.88196 3.77665 3.67719 3.32636 3.08044 2.85814
3.18641 3.54040 3.82747 4.05449 4.02757 4.01118 3.98537 3.92314 3.86345 3.77321 3.64864 3.56006 3.25524 3.04367 2.81081
3.11981 3.42469 3.73612 3.94557 3.92053 3.90749 3.86872 3.81784 3.74505 3.66350 3.50214 3.41838 3.20149 2.98936 2.77543
3.06418 3.31865 3.64096 3.84771 3.81123 3.79667 3.76475 3.70328 3.65248 3.56854 3.34898 3.29133 3.15028 2.93398 2.73550
3.00625 3.23188 3.54371 3.74499 3.70283 3.69260 3.67039 3.60817 3.54708 3.42567 3.27201 3.22577 3.10730 2.88138 2.70627
2.94912 3.16502 3.42860 3.63901 3.59410 3.59212 3.57778 3.49459 3.42313 3.31310 3.20667 3.15099 3.06325 2.86171 2.67709
2.90042 3.11358 3.30877 3.54016 3.46775 3.45098 3.43943 3.36850 3.31360 3.24390 3.13486 3.08387 3.01016 2.84274 2.64654
2.85681 3.05817 3.22472 3.40740 3.34384 3.34089 3.32547 3.29429 3.23823 3.18364 3.08515 3.02248 2.95551 2.81779 2.61713
2.82047 3.00484 3.15809 3.29638 3.26382 3.26754 3.26779 3.23803 3.18690 3.11954 3.03670 2.95928 2.91347 2.78130 2.59753
2.78729 2.95381 3.10862 3.22671 3.21127 3.22044 3.21982 3.19304 3.13518 3.06732 2.98697 2.90939 2.87288 2.74706 2.58337
2.74789 2.91435 3.06322 3.16673 3.15568 3.16555 3.17209 3.14452 3.09173 3.02404 2.94890 2.86537 2.82530 2.72674 2.57483
2.71423 2.87317 3.01703 3.10398 3.10731 3.11202 3.13319 3.09882 3.05478 2.98524 2.91320 2.81929 2.78307 2.70195 2.55735
2.68592 2.84399 2.98015 3.04904 3.05165 3.07800 3.10528 3.06225 3.02471 2.95484 2.87857 2.77812 2.74512 2.68464 2.54038
2.65322 2.80693 2.93400 3.00322 3.01587 3.04756 3.06564 3.04158 2.99351 2.93297 2.85672 2.75174 2.71332 2.66003 2.52756
2.63593 2.78162 2.89620 2.97139 2.99938 3.02639 3.04942 3.01806 2.97292 2.91267 2.82323 2.72454 2.67674 2.63612 2.51444
2.61612 2.75274 2.85260 2.93048 2.96674 3.00234 3.02054 3.00066 2.95192 2.89151 2.80241 2.70996 2.64997 2.61058 2.50363
2.59454 2.72618 2.82741 2.90556 2.94234 2.97461 3.00389 2.96204 2.92726 2.86393 2.79440 2.68624 2.61879 2.58773 2.49254
2.58106 2.70178 2.79202 2.87904 2.92193 2.95688 2.97413 2.94854 2.90425 2.85297 2.77255 2.68145 2.59987 2.56671 2.48107
2.56396 2.67996 2.76856 2.85694 2.90327 2.93334 2.95637 2.93828 2.89013 2.83441 2.75077 2.66718 2.58379 2.54389 2.47435
2.54105 2.65931 2.73196 2.83340 2.87889 2.91761 2.94597 2.91811 2.87788 2.82432 2.73845 2.65005 2.55968 2.52322 2.46113
2.52173 2.63029 2.71172 2.80644 2.86040 2.90505 2.92065 2.88555 2.86192 2.80788 2.72458 2.63668 2.54210 2.49523 2.44998
2.50085 2.60713 2.69156 2.78554 2.84710 2.88120 2.91402 2.85202 2.84971 2.79188 2.71085 2.61661 2.52303 2.47433 2.42946
3.75084 4.13572 4.47141 4.70364 4.68785 4.64788 4.58993 4.51338 4.42665 4.32732 4.27491 4.10977 3.82135 3.48427 3.15989
3.69935 4.06988 4.35750 4.62628 4.59494 4.56085 4.48020 4.41411 4.34557 4.27602 4.19252 4.06519 3.76700 3.44491 3.12668
3.61631 3.97277 4.25081 4.50876 4.45192 4.39420 4.35653 4.31815 4.26526 4.17687 4.08751 3.98641 3.69080 3.37634 3.08633
3.53394 3.86735 4.13580 4.34795 4.31306 4.29380 4.27438 4.22341 4.16371 4.08260 3.94893 3.87044 3.61749 3.31502 3.03199
3.43809 3.76498 4.04104 4.24612 4.22187 4.20456 4.16715 4.11678 4.05448 3.96409 3.82393 3.76587 3.54481 3.22985 2.99309
3.35360 3.66675 3.94615 4.15578 4.11824 4.10390 4.07610 4.00693 3.94704 3.86247 3.71690 3.65446 3.47905 3.16674 2.94858
3.26695 3.58577 3.85700 4.05482 4.00743 3.99670 3.97141 3.89312 3.84215 3.76222 3.63388 3.57712 3.41841 3.10206 2.91453
3.18701 3.50379 3.75638 3.94123 3.89330 3.88090 3.87002 3.80631 3.75816 3.67267 3.55109 3.49505 3.34123 3.08261 2.88373
3.12409 3.43157 3.66021 3.83547 3.79064 3.77747 3.76734 3.72489 3.67065 3.59602 3.46932 3.38696 3.25290 3.05718 2.84935
3.07631 3.34463 3.57721 3.74087 3.69950 3.69709 3.68321 3.64131 3.58232 3.52579 3.38541 3.26151 3.18365 3.03028 2.81537
3.03809 3.25897 3.49611 3.65358 3.62209 3.62392 3.61965 3.57936 3.52530 3.45055 3.29005 3.18291 3.13251 2.99082 2.79362
3.00115 3.17881 3.43328 3.58164 3.55548 3.56654 3.56105 3.52752 3.46080 3.35653 3.21539 3.12578 3.08953 2.95933 2.77989
2.95780 3.13253 3.36386 3.51349 3.49599 3.50135 3.50379 3.46991 3.37542 3.25765 3.16822 3.07749 3.04406 2.93277 2.76900
2.92112 3.09006 3.28495 3.43415 3.42929 3.43331 3.45316 3.38750 3.31097 3.20140 3.12199 3.03398 2.99500 2.91138 2.74922
2.89225 3.05911 3.21562 3.34818 3.33658 3.36897 3.39964 3.32036 3.25658 3.16026 3.08967 2.99094 2.95039 2.88849 2.72555
2.85728 3.01849 3.15142 3.24883 3.26230 3.31086 3.34116 3.27616 3.19871 3.13911 3.06350 2.95440 2.91868 2.86127 2.71206
2.83755 2.99013 3.11246 3.19362 3.22414 3.26951 3.30543 3.23353 3.17001 3.11558 3.02555 2.92801 2.87990 2.83362 2.70110
2.81159 2.96027 3.06731 3.14568 3.18050 3.22646 3.24459 3.20333 3.14499 3.08443 3.00516 2.90947 2.85158 2.80229 2.69360
2.78835 2.93168 3.03657 3.11478 3.15169 3.18741 3.21422 3.16901 3.11611 3.05636 2.98814 2.88776 2.81777 2.78220 2.68242
2.77303 2.90414 3.00111 3.08672 3.12324 3.15073 3.17886 3.15349 3.09133 3.04184 2.97077 2.88197 2.79118 2.75626 2.66851
2.75739 2.87656 2.97104 3.06380 3.10142 3.12214 3.16646 3.14537 3.08165 3.01977 2.94904 2.85898 2.77318 2.73488 2.66412
2.73438 2.85358 2.93810 3.03726 3.07983 3.10495 3.15751 3.11945 3.07392 3.01178 2.92980 2.84172 2.74978 2.71366 2.65183
2.71546 2.82245 2.91106 3.01117 3.05638 3.09489 3.12111 3.08249 3.05319 2.99402 2.90868 2.82487 2.73014 2.68383 2.63858
2.68935 2.79786 2.88799 2.98771 3.04057 3.07306 3.11601 3.04481 3.03994 2.97223 2.89033 2.80324 2.71121 2.66236 2.61632
4.04995 4.45302 4.74793 4.92517 4.90275 4.86087 4.81414 4.77104 4.72996 4.65089 4.59999 4.42708 4.10935 3.77349 3.48615
3.99503 4.37567 4.66866 4.84825 4.82112 4.79027 4.75112 4.71468 4.66862 4.59898 4.53097 4.36550 4.05861 3.73792 3.44865
3.90718 4.26670 4.57681 4.75895 4.72746 4.69719 4.67124 4.63480 4.58955 4.49829 4.36816 4.25581 3.97511 3.68031 3.38736
3.82126 4.15272 4.45463 4.66128 4.63364 4.61613 4.59092 4.55256 4.48211 4.35752 4.21365 4.14643 3.89600 3.62237 3.30838
3.73524 4.05658 4.33993 4.56893 4.54834 4.53245 4.49119 4.40650 4.30687 4.21839 4.10258 4.05022 3.81937 3.54670 3.24407
3.65678 3.94838 4.22421 4.48572 4.42199 4.39200 4.34183 4.25476 4.20476 4.13230 3.99546 3.93560 3.75710 3.47884 3.17677
3.57714 3.86298 4.14086 4.34785 4.27644 4.24766 4.22508 4.15898 4.10914 4.03040 3.90029 3.84063 3.69440 3.39232 3.12246
3.50267 3.78077 4.03950 4.21276 4.16592 4.14736 4.13512 4.06920 4.01922 3.93961 3.80447 3.74681 3.63455 3.37417 3.08613
3.42980 3.70946 3.93845 4.11205 4.06781 4.04760 4.02835 3.98859 3.93164 3.85451 3.72340 3.65578 3.55863 3.33515 3.04699
3.36747 3.63176 3.84803 4.02148 3.97588 3.96753 3.94704 3.89805 3.83036 3.76442 3.65036 3.56865 3.50047 3.29365 3.01051
3.31819 3.56380 3.75618 3.92782 3.88985 3.88466 3.87505 3.82335 3.75556 3.69136 3.58162 3.49604 3.44000 3.24019 2.98496
3.26163 3.49265 3.69568 3.84137 3.80371 3.81151 3.80048 3.75316 3.68633 3.61929 3.51938 3.42867 3.39072 3.19694 2.97271
3.19889 3.44373 3.62984 3.76062 3.73429 3.72994 3.72775 3.68748 3.62163 3.55226 3.46936 3.37097 3.32840 3.14741 2.95846
3.13805 3.39554 3.57343 3.67869 3.66461 3.66325 3.67432 3.62472 3.56794 3.49645 3.41704 3.30536 3.24847 3.12119 2.93955
3.09614 3.35470 3.52141 3.60833 3.59283 3.61301 3.62516 3.56679 3.52678 3.45469 3.37976 3.22825 3.16763 3.08119 2.91849
3.05763 3.29694 3.45962 3.53975 3.54800 3.57196 3.57765 3.53405 3.48153 3.42573 3.34140 3.17192 3.11066 3.04851 2.90698
3.03124 3.24430 3.41379 3.49327 3.51500 3.53185 3.54427 3.50771 3.45226 3.39356 3.29645 3.12876 3.06092 3.02030 2.89685
3.00281 3.19762 3.36448 3.44837 3.47577 3.49473 3.50883 3.47760 3.42619 3.36000 3.26032 3.09526 3.03334 2.99031 2.89250
2.98230 3.14982 3.31714 3.41099 3.44423 3.46568 3.48089 3.44242 3.38941 3.32310 3.21606 3.07128 2.99783 2.97348 2.88249
2.96598 3.11157 3.25912 3.37797 3.41048 3.43225 3.44364 3.41521 3.35526 3.29873 3.18476 3.05917 2.97342 2.94721 2.86501
2.95181 3.07619 3.20598 3.34745 3.38454 3.39190 3.42516 3.40203 3.34324 3.26846 3.14474 3.03340 2.95526 2.92628 2.85834
2.93174 3.04571 3.15980 3.30988 3.35589 3.37153 3.41029 3.37956 3.33033 3.25738 3.11472 3.02235 2.93787 2.90568 2.84345
2.91269 3.01338 3.11274 3.27048 3.32248 3.35627 3.37984 3.33581 3.30641 3.23650 3.09238 3.00343 2.91760 2.87683 2.82720
2.88494 2.98586 3.08186 3.23620 3.30032 3.32999 3.36979 3.28705 3.28404 3.18513 3.06303 2.98511 2.89707 2.85235 2.80309
